net: "GND"
area: 1 425 23 2
corner: 1 915298280 787916440 0 0
corner: 2 915298280 663701720 0 0
corner: 3 904750000 663701720 0 0
corner: 4 904697810 663694820 0 0
corner: 5 904649170 663674680 0 0
corner: 6 904607360 663642640 0 0
corner: 7 900607360 659642640 0 0
corner: 8 900575320 659600830 0 0
corner: 9 900555180 659552190 0 0
corner: 10 900548280 659500000 0 0
corner: 11 900548280 559951720 0 0
corner: 12 867701720 559951720 0 0
corner: 13 867701720 570166440 0 0
corner: 14 869458560 571923280 0 0
corner: 15 893625000 571923280 0 0
corner: 16 893628230 571923710 0 0
corner: 17 893631470 571923400 0 0
corner: 18 893654360 571927120 0 0
corner: 19 893677190 571930180 0 0
corner: 20 893680240 571931400 0 0
corner: 21 893683470 571931950 0 0
corner: 22 893704530 571941470 0 0
corner: 23 893725830 571950320 0 0
corner: 24 893728450 571952270 0 0
corner: 25 893731450 571953610 0 0
corner: 26 893749330 571968260 0 0
corner: 27 893767640 571982360 0 0
corner: 28 893769650 571984990 0 0
corner: 29 893772160 571987000 0 0
corner: 30 895647160 573987000 0 0
corner: 31 895661740 574007390 0 0
corner: 32 895676820 574027890 0 0
corner: 33 895677190 574028930 0 0
corner: 34 895677860 574029850 0 0
corner: 35 895686710 574053340 0 0
corner: 36 895695920 574076970 0 0
corner: 37 895696040 574078060 0 0
corner: 38 895696410 574079100 0 0
corner: 39 895698910 574104250 0 0
corner: 40 895701660 574129270 0 0
corner: 41 895451660 585879270 0 0
corner: 42 895448000 585903200 0 0
corner: 43 895444820 585927190 0 0
corner: 44 895444030 585929200 0 0
corner: 45 895443660 585931340 0 0
corner: 46 895433960 585953430 0 0
corner: 47 895424680 585975830 0 0
corner: 48 895423400 585977600 0 0
corner: 49 895422490 585979550 0 0
corner: 50 895407410 585998410 0 0
corner: 51 895392640 586017640 0 0
corner: 52 893267640 588142640 0 0
corner: 53 892611390 588798890 0 0
corner: 54 892569580 588830930 0 0
corner: 55 892520940 588851070 0 0
corner: 56 892468750 588857970 0 0
corner: 57 863927310 588857970 0 0
corner: 58 861337100 591448180 0 0
corner: 59 852017640 600767640 0 0
corner: 60 851975830 600799680 0 0
corner: 61 851927190 600819820 0 0
corner: 62 851875000 600826720 0 0
corner: 63 851822810 600819820 0 0
corner: 64 851774170 600799680 0 0
corner: 65 851732360 600767640 0 0
corner: 66 851700320 600725830 0 0
corner: 67 851690310 600701720 0 0
corner: 68 801583560 600701720 0 0
corner: 69 798392640 603892640 0 0
corner: 70 795451720 606833560 0 0
corner: 71 795451720 628832890 0 0
corner: 72 799038700 632419860 0 0
corner: 73 815726200 649107360 0 0
corner: 74 815726200 649107360 0 0
corner: 75 826642640 660023800 0 0
corner: 76 826642640 660023800 0 0
corner: 77 832917110 666298280 0 0
corner: 78 836250000 666298280 0 0
corner: 79 836302190 666305180 0 0
corner: 80 836350830 666325320 0 0
corner: 81 836392640 666357360 0 0
corner: 82 837616030 667580750 0 0
corner: 83 837648070 667622560 0 0
corner: 84 837668270 667671200 0 0
corner: 85 837675110 667723390 0 0
corner: 86 837675110 669320860 0 0
corner: 87 837668270 669373050 0 0
corner: 88 837648070 669421690 0 0
corner: 89 837616030 669463500 0 0
corner: 90 836634700 670444820 0 0
corner: 91 836592900 670476930 0 0
corner: 92 836544250 670497070 0 0
corner: 93 836492070 670503910 0 0
corner: 94 806781370 670503910 0 0
corner: 95 806559450 670725890 0 0
corner: 96 806559390 670725890 0 0
corner: 97 804701720 672583560 0 0
corner: 98 804701720 712916440 0 0
corner: 99 834902710 743117430 0 0
corner: 100 893231020 743117430 0 0
corner: 101 893283260 743124270 0 0
corner: 102 893331910 743144470 0 0
corner: 103 893373660 743176510 0 0
corner: 104 895392640 745195430 0 0
corner: 105 895424680 745237240 0 0
corner: 106 895444820 745285890 0 0
corner: 107 895451720 745338130 0 0
corner: 108 895451720 752250000 0 0
corner: 109 895444820 752302190 0 0
corner: 110 895433040 752330690 0 0
corner: 111 895424680 752350830 0 0
corner: 112 895392640 752392640 0 0
corner: 113 894392640 753392640 0 0
corner: 114 894350830 753424680 0 0
corner: 115 894302190 753444820 0 0
corner: 116 894250000 753451720 0 0
corner: 117 815250000 753451720 0 0
corner: 118 815250000 753451720 0 0
corner: 119 815197810 753444820 0 0
corner: 120 815149170 753424680 0 0
corner: 121 815107360 753392640 0 0
corner: 122 815107360 753392640 0 0
corner: 123 806961180 745246460 0 0
corner: 124 806929140 745204710 0 0
corner: 125 806909000 745156070 0 0
corner: 126 806902100 745103820 0 0
corner: 127 806902100 729187380 0 0
corner: 128 791916440 714201720 0 0
corner: 129 760000000 714201720 0 0
corner: 130 759947810 714194820 0 0
corner: 131 759899170 714174680 0 0
corner: 132 759857360 714142640 0 0
corner: 133 749607360 703892640 0 0
corner: 134 746638610 700923890 0 0
corner: 135 746606570 700882080 0 0
corner: 136 746586430 700833440 0 0
corner: 137 746579530 700781250 0 0
corner: 138 746579530 695218750 0 0
corner: 139 746586430 695166560 0 0
corner: 140 746606570 695117920 0 0
corner: 141 746638610 695076110 0 0
corner: 142 752357360 689357360 0 0
corner: 143 752399170 689325320 0 0
corner: 144 752447810 689305110 0 0
corner: 145 752500000 689298280 0 0
corner: 146 752500000 689298280 0 0
corner: 147 789666020 689298280 0 0
corner: 148 790856930 688107360 0 0
corner: 149 790856930 688107360 0 0
corner: 150 795248350 683715880 0 0
corner: 151 795248350 676033630 0 0
corner: 152 789166440 669951720 0 0
corner: 153 774424990 669951720 0 0
corner: 154 774372800 669944820 0 0
corner: 155 774324160 669924680 0 0
corner: 156 774282350 669892640 0 0
corner: 157 774282350 669892640 0 0
corner: 158 769857360 665467650 0 0
corner: 159 769825320 665425840 0 0
corner: 160 769805180 665377200 0 0
corner: 161 769798280 665325010 0 0
corner: 162 769798280 661302190 0 0
corner: 163 769805180 661250000 0 0
corner: 164 769825320 661201350 0 0
corner: 165 769857360 661159550 0 0
corner: 166 781811100 649205810 0 0
corner: 167 787548280 643468630 0 0
corner: 168 787548280 638746770 0 0
corner: 169 786530760 637729250 0 0
corner: 170 786530760 637729250 0 0
corner: 171 785357360 636555850 0 0
corner: 172 785325320 636514040 0 0
corner: 173 785305180 636465390 0 0
corner: 174 785298280 636413210 0 0
corner: 175 785298280 616716920 0 0
corner: 176 777357360 608776000 0 0
corner: 177 777357360 608776000 0 0
corner: 178 774807430 606226070 0 0
corner: 179 774807430 606226070 0 0
corner: 180 767559080 598977720 0 0
corner: 181 767527040 598935970 0 0
corner: 182 767506900 598887270 0 0
corner: 183 767500000 598835080 0 0
corner: 184 767500000 589833560 0 0
corner: 185 766868160 589201720 0 0
corner: 186 715035280 589201720 0 0
corner: 187 714401730 589835270 0 0
corner: 188 714401730 591825010 0 0
corner: 189 714401730 593491460 0 0
corner: 190 718767640 597857360 0 0
corner: 191 718799680 597899170 0 0
corner: 192 718819890 597947810 0 0
corner: 193 718826720 598000000 0 0
corner: 194 718826720 661875000 0 0
corner: 195 718826720 672625000 0 0
corner: 196 718826720 674375000 0 0
corner: 197 718826720 680875000 0 0
corner: 198 718826720 693625000 0 0
corner: 199 718826720 712048280 0 0
corner: 200 742500000 712048280 0 0
corner: 201 742552190 712055180 0 0
corner: 202 742600830 712075320 0 0
corner: 203 742642640 712107360 0 0
corner: 204 755833560 725298280 0 0
corner: 205 773823850 725298280 0 0
corner: 206 773876040 725305180 0 0
corner: 207 773924680 725325320 0 0
corner: 208 773966490 725357360 0 0
corner: 209 779157410 730548280 0 0
corner: 210 799448300 730548280 0 0
corner: 211 799500490 730555180 0 0
corner: 212 799549130 730575320 0 0
corner: 213 799590940 730607360 0 0
corner: 214 801292600 732309080 0 0
corner: 215 801292660 732309080 0 0
corner: 216 801324710 732350830 0 0
corner: 217 801344850 732399540 0 0
corner: 218 801351750 732451720 0 0
corner: 219 801351750 732451720 0 0
corner: 220 801351750 761875000 0 0
corner: 221 856326720 761875000 0 0
corner: 222 894750000 761875000 0 0
corner: 223 894802190 761881900 0 0
corner: 224 894850830 761902040 0 0
corner: 225 894892640 761934080 0 0
corner: 226 894924680 761975830 0 0
corner: 227 894944820 762024540 0 0
corner: 228 894951720 762076720 0 0
corner: 229 894951720 770750000 0 0
corner: 230 894944820 770802190 0 0
corner: 231 894933040 770830690 0 0
corner: 232 894924680 770850830 0 0
corner: 233 894892640 770892640 0 0
corner: 234 879177920 786607360 0 0
corner: 235 879136170 786639400 0 0
corner: 236 879087520 786659550 0 0
corner: 237 879035280 786666440 0 0
corner: 238 678773560 786666440 0 0
corner: 239 678047360 787392640 0 0
corner: 240 678005550 787424680 0 0
corner: 241 677956910 787444820 0 0
corner: 242 677904720 787451720 0 0
corner: 243 636500000 787451720 0 0
corner: 244 636447810 787444820 0 0
corner: 245 636399110 787424680 0 0
corner: 246 636357360 787392640 0 0
corner: 247 635857360 786892640 0 0
corner: 248 635825320 786850830 0 0
corner: 249 635805180 786802190 0 0
corner: 250 635798280 786750000 0 0
corner: 251 635798280 780451720 0 0
corner: 252 589500000 780451720 0 0
corner: 253 589447810 780444820 0 0
corner: 254 589399170 780424680 0 0
corner: 255 589357360 780392640 0 0
corner: 256 584107360 775142640 0 0
corner: 257 584075320 775100830 0 0
corner: 258 584055180 775052190 0 0
corner: 259 584048280 775000000 0 0
corner: 260 584048280 765000000 0 0
corner: 261 584055180 764947750 0 0
corner: 262 584075320 764899110 0 0
corner: 263 584107360 764857360 0 0
corner: 264 591857360 757107360 0 0
corner: 265 595250000 753714720 0 0
corner: 266 595250000 743198240 0 0
corner: 267 595250000 739201720 0 0
corner: 268 595250000 726470520 0 0
corner: 269 595256900 726418270 0 0
corner: 270 595277040 726369630 0 0
corner: 271 595309080 726327820 0 0
corner: 272 598298280 723338680 0 0
corner: 273 598298280 676487430 0 0
corner: 274 598298280 647500000 0 0
corner: 275 598305180 647447750 0 0
corner: 276 598325320 647399110 0 0
corner: 277 598357360 647357360 0 0
corner: 278 610137390 635577330 0 0
corner: 279 612357360 633357360 0 0
corner: 280 612357360 633357360 0 0
corner: 281 612399170 633325320 0 0
corner: 282 612447810 633305180 0 0
corner: 283 612500000 633298280 0 0
corner: 284 612500000 633298280 0 0
corner: 285 683494630 633298280 0 0
corner: 286 683546880 633305180 0 0
corner: 287 683595520 633325320 0 0
corner: 288 683637270 633357360 0 0
corner: 289 685142640 634862730 0 0
corner: 290 685174680 634904480 0 0
corner: 291 685194820 634953130 0 0
corner: 292 685201720 635005370 0 0
corner: 293 685201720 636721070 0 0
corner: 294 685194820 636773320 0 0
corner: 295 685174680 636821960 0 0
corner: 296 685142640 636863710 0 0
corner: 297 680173710 641832640 0 0
corner: 298 680173710 641832640 0 0
corner: 299 672363710 649642640 0 0
corner: 300 672321960 649674680 0 0
corner: 301 672273320 649694820 0 0
corner: 302 672221070 649701720 0 0
corner: 303 621083560 649701720 0 0
corner: 304 615142640 655642640 0 0
corner: 305 612201720 658583560 0 0
corner: 306 612201720 677916440 0 0
corner: 307 618385740 684100460 0 0
corner: 308 654114260 684100460 0 0
corner: 309 654798280 683416440 0 0
corner: 310 654798280 682143430 0 0
corner: 311 654805180 682091250 0 0
corner: 312 654825320 682042600 0 0
corner: 313 654857360 682000790 0 0
corner: 314 657500790 679357360 0 0
corner: 315 657500790 679357360 0 0
corner: 316 657542600 679325320 0 0
corner: 317 657591250 679305180 0 0
corner: 318 657643430 679298280 0 0
corner: 319 657643490 679298280 0 0
corner: 320 661375000 679298280 0 0
corner: 321 661427190 679305180 0 0
corner: 322 661475830 679325320 0 0
corner: 323 661517640 679357360 0 0
corner: 324 662797670 680637390 0 0
corner: 325 662797730 680637390 0 0
corner: 326 662829770 680679200 0 0
corner: 327 662849910 680727840 0 0
corner: 328 662856810 680780090 0 0
corner: 329 662856810 683844910 0 0
corner: 330 662856810 683844910 0 0
corner: 331 662849910 683897160 0 0
corner: 332 662835630 683931580 0 0
corner: 333 662829770 683945800 0 0
corner: 334 662797730 683987610 0 0
corner: 335 662797670 683987610 0 0
corner: 336 661142640 685642640 0 0
corner: 337 661142640 685642640 0 0
corner: 338 652192810 694592470 0 0
corner: 339 652151060 694624510 0 0
corner: 340 652102420 694644650 0 0
corner: 341 652050170 694651550 0 0
corner: 342 627883730 694651550 0 0
corner: 343 625451720 697083560 0 0
corner: 344 625451720 698723080 0 0
corner: 345 625451720 702750000 0 0
corner: 346 625451720 723798280 0 0
corner: 347 697534610 723798280 0 0
corner: 348 698725520 722607360 0 0
corner: 349 698767270 722575320 0 0
corner: 350 698815980 722555180 0 0
corner: 351 698868160 722548280 0 0
corner: 352 712214170 722548280 0 0
corner: 353 713048280 721714170 0 0
corner: 354 713048280 716085330 0 0
corner: 355 708400570 711437680 0 0
corner: 356 708400570 711437680 0 0
corner: 357 704231450 707268550 0 0
corner: 358 704231450 707268490 0 0
corner: 359 702357360 705394470 0 0
corner: 360 702357360 705394410 0 0
corner: 361 702325320 705352660 0 0
corner: 362 702305180 705304020 0 0
corner: 363 702298280 705251770 0 0
corner: 364 702298280 705251770 0 0
corner: 365 702298280 673799010 0 0
corner: 366 700335140 669995420 0 0
corner: 367 698541440 668201720 0 0
corner: 368 674250000 668201720 0 0
corner: 369 674250000 668201720 0 0
corner: 370 674197810 668194820 0 0
corner: 371 674149170 668174680 0 0
corner: 372 674107360 668142640 0 0
corner: 373 674107360 668142640 0 0
corner: 374 671994870 666030150 0 0
corner: 375 671962830 665988400 0 0
corner: 376 671942690 665939760 0 0
corner: 377 671935790 665887510 0 0
corner: 378 671935790 662362490 0 0
corner: 379 671942690 662310240 0 0
corner: 380 671962830 662261600 0 0
corner: 381 671994870 662219850 0 0
corner: 382 674357360 659857360 0 0
corner: 383 674357360 659857360 0 0
corner: 384 674399110 659825320 0 0
corner: 385 674447810 659805180 0 0
corner: 386 674500000 659798280 0 0
corner: 387 674500000 659798280 0 0
corner: 388 702166440 659798280 0 0
corner: 389 706948240 655016480 0 0
corner: 390 706948240 621223940 0 0
corner: 391 706948240 600108520 0 0
corner: 392 691916440 585076720 0 0
corner: 393 641958560 585076720 0 0
corner: 394 617392640 609642640 0 0
corner: 395 617350830 609674680 0 0
corner: 396 617302190 609694820 0 0
corner: 397 617250000 609701720 0 0
corner: 398 605250000 609701720 0 0
corner: 399 605250000 609701720 0 0
corner: 400 584451720 609701720 0 0
corner: 401 584451720 620993160 0 0
corner: 402 593015930 629557370 0 0
corner: 403 593047970 629599120 0 0
corner: 404 593068120 629647770 0 0
corner: 405 593075010 629700010 0 0
corner: 406 593075010 630536870 0 0
corner: 407 593076720 630549990 0 0
corner: 408 593076720 630550050 0 0
corner: 409 593076720 721525020 0 0
corner: 410 593069820 721577210 0 0
corner: 411 593049680 721625850 0 0
corner: 412 593017640 721667660 0 0
corner: 413 592250000 722435300 0 0
corner: 414 592250000 749951720 0 0
corner: 415 592243100 750003970 0 0
corner: 416 592222960 750052610 0 0
corner: 417 592190920 750094360 0 0
corner: 418 590917660 751367610 0 0
corner: 419 590875850 751399720 0 0
corner: 420 590827210 751419860 0 0
corner: 421 590775020 751426700 0 0
corner: 422 568701720 751426700 0 0
corner: 423 568701720 785916440 0 0
corner: 424 580333560 797548280 0 0
corner: 425 905666440 797548280 0 1
net: "Unconnected_Area."
area: 1 4 23 2
corner: 1 916998660 555751340 0 0
corner: 2 567001340 555751340 0 0
corner: 3 567001340 805748600 0 0
corner: 4 916998660 805748600 0 1
net: "GND_Sig"
area: 1 49 23 2
corner: 1 591846560 749868160 0 0
corner: 2 591846560 722351750 0 0
corner: 3 591853390 722299500 0 0
corner: 4 591873600 722250850 0 0
corner: 5 591905640 722209110 0 0
corner: 6 592673280 721441470 0 0
corner: 7 592673280 630561400 0 0
corner: 8 592671570 630548280 0 0
corner: 9 592671570 629783570 0 0
corner: 10 584107360 621219360 0 0
corner: 11 584075320 621177550 0 0
corner: 12 584055180 621128910 0 0
corner: 13 584048280 621076720 0 0
corner: 14 584048280 591333560 0 0
corner: 15 573107360 580392640 0 0
corner: 16 573075320 580350830 0 0
corner: 17 573055180 580302190 0 0
corner: 18 573048280 580250000 0 0
corner: 19 573048280 577750000 0 0
corner: 20 573055180 577697810 0 0
corner: 21 573075320 577649110 0 0
corner: 22 573107360 577607360 0 0
corner: 23 574857360 575857360 0 0
corner: 24 574899110 575825320 0 0
corner: 25 574947810 575805180 0 0
corner: 26 575000000 575798280 0 0
corner: 27 675750000 575798280 0 0
corner: 28 675802190 575805180 0 0
corner: 29 675850830 575825320 0 0
corner: 30 675892640 575857360 0 0
corner: 31 680458560 580423280 0 0
corner: 32 820541440 580423280 0 0
corner: 33 823298280 577666440 0 0
corner: 34 823298280 559951720 0 0
corner: 35 750083560 559951720 0 0
corner: 36 744642640 565392640 0 0
corner: 37 744600830 565424680 0 0
corner: 38 744552190 565444820 0 0
corner: 39 744500000 565451720 0 0
corner: 40 738000000 565451720 0 0
corner: 41 737947750 565444820 0 0
corner: 42 737899110 565424680 0 0
corner: 43 737857360 565392640 0 0
corner: 44 732416440 559951720 0 0
corner: 45 580583560 559951720 0 0
corner: 46 568701720 571833560 0 0
corner: 47 568701720 582250000 0 0
corner: 48 568701720 751023250 0 0
corner: 49 590691470 751023250 0 1
net: "GND_OPTO"
area: 1 288 23 2
corner: 1 895048280 752166440 0 0
corner: 2 895048280 745421630 0 0
corner: 3 893147460 743520870 0 0
corner: 4 834819150 743520870 0 0
corner: 5 834766910 743513980 0 0
corner: 6 834718260 743493840 0 0
corner: 7 834676510 743461790 0 0
corner: 8 804357360 713142640 0 0
corner: 9 804325320 713100830 0 0
corner: 10 804305180 713052190 0 0
corner: 11 804298280 713000000 0 0
corner: 12 804298280 672500000 0 0
corner: 13 804305180 672447810 0 0
corner: 14 804325320 672399170 0 0
corner: 15 804357360 672357360 0 0
corner: 16 806274110 670440610 0 0
corner: 17 806274170 670440550 0 0
corner: 18 806555180 670159610 0 0
corner: 19 806555180 670159550 0 0
corner: 20 806596920 670127500 0 0
corner: 21 806645570 670107360 0 0
corner: 22 806697810 670100460 0 0
corner: 23 836408510 670100460 0 0
corner: 24 837271670 669237300 0 0
corner: 25 837271670 667806950 0 0
corner: 26 836166440 666701720 0 0
corner: 27 832833560 666701720 0 0
corner: 28 832833560 666701720 0 0
corner: 29 832781370 666694820 0 0
corner: 30 832732730 666674680 0 0
corner: 31 832690920 666642640 0 0
corner: 32 826357360 660309080 0 0
corner: 33 826357360 660309080 0 0
corner: 34 815440920 649392640 0 0
corner: 35 815440920 649392640 0 0
corner: 36 798753420 632705140 0 0
corner: 37 795107360 629059080 0 0
corner: 38 795075320 629017270 0 0
corner: 39 795055180 628968630 0 0
corner: 40 795048280 628916440 0 0
corner: 41 795048280 606750000 0 0
corner: 42 795055180 606697810 0 0
corner: 43 795075320 606649110 0 0
corner: 44 795107360 606607360 0 0
corner: 45 798107360 603607360 0 0
corner: 46 801357360 600357360 0 0
corner: 47 801357360 600357360 0 0
corner: 48 801380980 600339230 0 0
corner: 49 801399170 600325320 0 0
corner: 50 801447810 600305180 0 0
corner: 51 801500000 600298280 0 0
corner: 52 851916440 600298280 0 0
corner: 53 861051820 591162900 0 0
corner: 54 863701110 588513610 0 0
corner: 55 863742920 588481570 0 0
corner: 56 863791560 588461430 0 0
corner: 57 863843750 588454530 0 0
corner: 58 892385190 588454530 0 0
corner: 59 892982360 587857360 0 0
corner: 60 895050050 585789670 0 0
corner: 61 895296570 574202940 0 0
corner: 62 893537600 572326720 0 0
corner: 63 869375000 572326720 0 0
corner: 64 869322810 572319820 0 0
corner: 65 869274110 572299680 0 0
corner: 66 869255980 572285770 0 0
corner: 67 869232360 572267640 0 0
corner: 68 869232360 572267640 0 0
corner: 69 867357360 570392640 0 0
corner: 70 867325320 570350830 0 0
corner: 71 867305180 570302190 0 0
corner: 72 867298280 570250000 0 0
corner: 73 867298280 559951720 0 0
corner: 74 823701720 559951720 0 0
corner: 75 823701720 577750000 0 0
corner: 76 823701720 577750000 0 0
corner: 77 823694820 577802190 0 0
corner: 78 823674680 577850830 0 0
corner: 79 823642640 577892640 0 0
corner: 80 820767640 580767640 0 0
corner: 81 820725830 580799680 0 0
corner: 82 820677190 580819820 0 0
corner: 83 820625000 580826720 0 0
corner: 84 680375000 580826720 0 0
corner: 85 680322810 580819820 0 0
corner: 86 680274170 580799680 0 0
corner: 87 680255980 580785770 0 0
corner: 88 680232360 580767640 0 0
corner: 89 680232360 580767640 0 0
corner: 90 675666440 576201720 0 0
corner: 91 575083560 576201720 0 0
corner: 92 573451720 577833560 0 0
corner: 93 573451720 580166440 0 0
corner: 94 584392640 591107360 0 0
corner: 95 584392640 591107360 0 0
corner: 96 584410770 591130980 0 0
corner: 97 584424680 591149170 0 0
corner: 98 584433040 591169310 0 0
corner: 99 584444820 591197810 0 0
corner: 100 584451720 591250000 0 0
corner: 101 584451720 609298280 0 0
corner: 102 605500000 609298280 0 0
corner: 103 617166440 609298280 0 0
corner: 104 641732360 584732360 0 0
corner: 105 641732360 584732360 0 0
corner: 106 641774170 584700320 0 0
corner: 107 641822810 584680180 0 0
corner: 108 641875000 584673280 0 0
corner: 109 641875000 584673280 0 0
corner: 110 692000000 584673280 0 0
corner: 111 692052190 584680180 0 0
corner: 112 692100830 584700320 0 0
corner: 113 692142640 584732360 0 0
corner: 114 707292600 599882320 0 0
corner: 115 707292660 599882390 0 0
corner: 116 707324710 599924130 0 0
corner: 117 707344850 599972780 0 0
corner: 118 707351750 600025020 0 0
corner: 119 707351750 600025020 0 0
corner: 120 707351750 621223940 0 0
corner: 121 707351750 655099980 0 0
corner: 122 707351750 655099980 0 0
corner: 123 707344850 655152220 0 0
corner: 124 707324710 655200870 0 0
corner: 125 707292660 655242610 0 0
corner: 126 707292600 655242680 0 0
corner: 127 702392640 660142640 0 0
corner: 128 702350830 660174680 0 0
corner: 129 702302190 660194820 0 0
corner: 130 702250000 660201720 0 0
corner: 131 674583560 660201720 0 0
corner: 132 672339230 662446040 0 0
corner: 133 672339230 665803960 0 0
corner: 134 674333560 667798280 0 0
corner: 135 698625000 667798280 0 0
corner: 136 698677190 667805180 0 0
corner: 137 698725830 667825320 0 0
corner: 138 698767640 667857360 0 0
corner: 139 700642640 669732360 0 0
corner: 140 700645570 669736150 0 0
corner: 141 700649170 669739260 0 0
corner: 142 700661500 669756960 0 0
corner: 143 700674680 669774110 0 0
corner: 144 700676510 669778560 0 0
corner: 145 700679260 669782470 0 0
corner: 146 702679260 673657470 0 0
corner: 147 702686580 673677800 0 0
corner: 148 702694820 673697810 0 0
corner: 149 702695500 673702510 0 0
corner: 150 702697080 673707030 0 0
corner: 151 702698910 673728580 0 0
corner: 152 702701720 673750000 0 0
corner: 153 702701720 705168210 0 0
corner: 154 704516720 706983220 0 0
corner: 155 704516720 706983280 0 0
corner: 156 708685850 711152400 0 0
corner: 157 708685850 711152400 0 0
corner: 158 713392640 715859130 0 0
corner: 159 713424680 715900940 0 0
corner: 160 713444820 715949580 0 0
corner: 161 713451720 716001770 0 0
corner: 162 713451720 721797730 0 0
corner: 163 713444820 721849910 0 0
corner: 164 713424680 721898560 0 0
corner: 165 713392640 721940370 0 0
corner: 166 712440370 722892640 0 0
corner: 167 712398560 722924680 0 0
corner: 168 712349910 722944820 0 0
corner: 169 712297730 722951720 0 0
corner: 170 698951720 722951720 0 0
corner: 171 697760800 724142640 0 0
corner: 172 697719060 724174680 0 0
corner: 173 697670410 724194820 0 0
corner: 174 697618160 724201720 0 0
corner: 175 616037540 724201720 0 0
corner: 176 609902650 730336610 0 0
corner: 177 609902650 730336610 0 0
corner: 178 608346620 731892640 0 0
corner: 179 608304810 731924680 0 0
corner: 180 608256160 731944820 0 0
corner: 181 608203980 731951720 0 0
corner: 182 604583560 731951720 0 0
corner: 183 603153440 733381840 0 0
corner: 184 603153440 735868160 0 0
corner: 185 604481320 737196040 0 0
corner: 186 610256840 737196040 0 0
corner: 187 617845460 729607360 0 0
corner: 188 617887270 729575320 0 0
corner: 189 617935910 729555180 0 0
corner: 190 617988100 729548280 0 0
corner: 191 715916440 729548280 0 0
corner: 192 718423280 727041440 0 0
corner: 193 718423280 718250000 0 0
corner: 194 718423280 712250000 0 0
corner: 195 718423280 693625000 0 0
corner: 196 718423280 680875000 0 0
corner: 197 718423280 674375000 0 0
corner: 198 718423280 672625000 0 0
corner: 199 718423280 661875000 0 0
corner: 200 718423280 598083560 0 0
corner: 201 714057370 593717650 0 0
corner: 202 714025330 593675840 0 0
corner: 203 714005130 593627200 0 0
corner: 204 713998290 593575010 0 0
corner: 205 713998290 591825010 0 0
corner: 206 713998290 589751710 0 0
corner: 207 714005130 589699520 0 0
corner: 208 714025330 589650880 0 0
corner: 209 714057370 589609070 0 0
corner: 210 714809080 588857360 0 0
corner: 211 714809080 588857360 0 0
corner: 212 714850830 588825320 0 0
corner: 213 714899540 588805180 0 0
corner: 214 714951720 588798280 0 0
corner: 215 766951720 588798280 0 0
corner: 216 767003910 588805180 0 0
corner: 217 767052550 588825320 0 0
corner: 218 767094360 588857360 0 0
corner: 219 767844360 589607360 0 0
corner: 220 767844360 589607360 0 0
corner: 221 767876400 589649170 0 0
corner: 222 767896550 589697810 0 0
corner: 223 767903440 589750000 0 0
corner: 224 767903440 598751530 0 0
corner: 225 775092710 605940800 0 0
corner: 226 775092710 605940800 0 0
corner: 227 777642640 608490720 0 0
corner: 228 777642640 608490720 0 0
corner: 229 785642640 616490720 0 0
corner: 230 785642640 616490720 0 0
corner: 231 785674680 616532470 0 0
corner: 232 785680600 616546750 0 0
corner: 233 785694820 616581180 0 0
corner: 234 785701720 616633360 0 0
corner: 235 785701720 616633360 0 0
corner: 236 785701720 636329650 0 0
corner: 237 786816040 637443970 0 0
corner: 238 786816040 637443970 0 0
corner: 239 787892640 638520570 0 0
corner: 240 787924680 638562320 0 0
corner: 241 787933040 638582520 0 0
corner: 242 787944820 638610960 0 0
corner: 243 787951720 638663210 0 0
corner: 244 787951720 643552190 0 0
corner: 245 787951720 643552190 0 0
corner: 246 787944820 643604430 0 0
corner: 247 787924680 643653080 0 0
corner: 248 787892640 643694820 0 0
corner: 249 782096370 649491090 0 0
corner: 250 770201720 661385740 0 0
corner: 251 770201720 665241460 0 0
corner: 252 774508540 669548280 0 0
corner: 253 789250000 669548280 0 0
corner: 254 789302190 669555180 0 0
corner: 255 789350830 669575320 0 0
corner: 256 789392640 669607360 0 0
corner: 257 795592710 675807430 0 0
corner: 258 795624820 675849240 0 0
corner: 259 795644960 675897890 0 0
corner: 260 795651790 675950070 0 0
corner: 261 795651790 683799440 0 0
corner: 262 795644960 683851680 0 0
corner: 263 795624820 683900330 0 0
corner: 264 795592710 683942080 0 0
corner: 265 791142210 688392640 0 0
corner: 266 791142210 688392640 0 0
corner: 267 789892210 689642640 0 0
corner: 268 789850400 689674680 0 0
corner: 269 789801760 689694820 0 0
corner: 270 789749570 689701720 0 0
corner: 271 752583560 689701720 0 0
corner: 272 746982970 695302310 0 0
corner: 273 746982970 700697690 0 0
corner: 274 749892640 703607360 0 0
corner: 275 760083560 713798280 0 0
corner: 276 792000000 713798280 0 0
corner: 277 792052190 713805180 0 0
corner: 278 792100830 713825320 0 0
corner: 279 792142640 713857360 0 0
corner: 280 807246460 728961180 0 0
corner: 281 807246460 728961180 0 0
corner: 282 807264590 728984800 0 0
corner: 283 807278500 729002990 0 0
corner: 284 807298710 729051640 0 0
corner: 285 807305540 729103820 0 0
corner: 286 807305540 745020260 0 0
corner: 287 815333560 753048280 0 0
corner: 288 894166440 753048280 0 1
net: "GND_MPP"
area: 1 148 23 2
corner: 1 894548280 770666440 0 0
corner: 2 894548280 762278440 0 0
corner: 3 856326720 762278440 0 0
corner: 4 801150020 762278440 0 0
corner: 5 801150020 762278440 0 0
corner: 6 769609920 762278440 0 0
corner: 7 769557740 762271550 0 0
corner: 8 769509090 762251400 0 0
corner: 9 769467290 762219360 0 0
corner: 10 769435240 762177610 0 0
corner: 11 769415100 762128910 0 0
corner: 12 769408200 762076720 0 0
corner: 13 769408200 760842710 0 0
corner: 14 769408200 754938350 0 0
corner: 15 769415100 754886110 0 0
corner: 16 769435240 754837460 0 0
corner: 17 769467290 754795720 0 0
corner: 18 778788270 745474730 0 0
corner: 19 778788270 738947570 0 0
corner: 20 777758360 737701720 0 0
corner: 21 756315430 737701720 0 0
corner: 22 753267640 740749510 0 0
corner: 23 753267640 740749510 0 0
corner: 24 742124510 751892640 0 0
corner: 25 742082700 751924680 0 0
corner: 26 742034060 751944820 0 0
corner: 27 741981870 751951720 0 0
corner: 28 686333560 751951720 0 0
corner: 29 681642640 756642640 0 0
corner: 30 681600830 756674680 0 0
corner: 31 681552190 756694820 0 0
corner: 32 681500000 756701720 0 0
corner: 33 623250000 756701720 0 0
corner: 34 623197810 756694820 0 0
corner: 35 623149110 756674680 0 0
corner: 36 623107360 756642640 0 0
corner: 37 622357360 755892640 0 0
corner: 38 622325320 755850830 0 0
corner: 39 622305180 755802190 0 0
corner: 40 622298280 755750000 0 0
corner: 41 622298280 753500000 0 0
corner: 42 622305180 753447810 0 0
corner: 43 622325320 753399110 0 0
corner: 44 622357360 753357360 0 0
corner: 45 623107360 752607360 0 0
corner: 46 623149110 752575320 0 0
corner: 47 623197810 752555180 0 0
corner: 48 623250000 752548280 0 0
corner: 49 672916440 752548280 0 0
corner: 50 675938780 749525940 0 0
corner: 51 675938780 740333190 0 0
corner: 52 672355220 736749630 0 0
corner: 53 669057310 733451720 0 0
corner: 54 618583560 733451720 0 0
corner: 55 610892640 741142640 0 0
corner: 56 610850830 741174680 0 0
corner: 57 610802190 741194820 0 0
corner: 58 610750000 741201720 0 0
corner: 59 600836910 741201720 0 0
corner: 60 600784730 741194820 0 0
corner: 61 600736080 741174680 0 0
corner: 62 600694270 741142640 0 0
corner: 63 600694270 741142640 0 0
corner: 64 599232360 739680730 0 0
corner: 65 599200320 739638980 0 0
corner: 66 599180180 739590330 0 0
corner: 67 599173340 739538090 0 0
corner: 68 599173340 730189820 0 0
corner: 69 599180180 730137630 0 0
corner: 70 599200320 730088990 0 0
corner: 71 599232360 730047180 0 0
corner: 72 605107360 724172180 0 0
corner: 73 605107360 693729800 0 0
corner: 74 605107360 649190920 0 0
corner: 75 605114260 649138670 0 0
corner: 76 605134400 649090030 0 0
corner: 77 605166440 649048280 0 0
corner: 78 611357360 642857360 0 0
corner: 79 611357360 642857360 0 0
corner: 80 613410890 640803830 0 0
corner: 81 613410890 640803830 0 0
corner: 82 614857360 639357360 0 0
corner: 83 614899170 639325320 0 0
corner: 84 614919310 639316960 0 0
corner: 85 614947810 639305110 0 0
corner: 86 615000000 639298280 0 0
corner: 87 619250000 639298280 0 0
corner: 88 666386170 639298280 0 0
corner: 89 682137510 639298280 0 0
corner: 90 684798280 636637510 0 0
corner: 91 684798280 635088930 0 0
corner: 92 683411070 633701720 0 0
corner: 93 612583560 633701720 0 0
corner: 94 610422670 635862610 0 0
corner: 95 598701720 647583560 0 0
corner: 96 598701720 676487430 0 0
corner: 97 598701720 723422180 0 0
corner: 98 598701720 723422180 0 0
corner: 99 598694820 723474430 0 0
corner: 100 598674680 723523070 0 0
corner: 101 598642640 723564880 0 0
corner: 102 598642640 723564880 0 0
corner: 103 595653440 726554020 0 0
corner: 104 595653440 739201720 0 0
corner: 105 595653440 743198240 0 0
corner: 106 595653440 753798280 0 0
corner: 107 595646550 753850460 0 0
corner: 108 595626400 753899170 0 0
corner: 109 595594360 753940920 0 0
corner: 110 592142640 757392640 0 0
corner: 111 584451720 765083560 0 0
corner: 112 584451720 774916440 0 0
corner: 113 589583560 780048280 0 0
corner: 114 635916440 780048280 0 0
corner: 115 636857360 779107360 0 0
corner: 116 636899170 779075320 0 0
corner: 117 636919310 779066960 0 0
corner: 118 636947810 779055180 0 0
corner: 119 637000000 779048280 0 0
corner: 120 658992980 779048280 0 0
corner: 121 670433900 767607360 0 0
corner: 122 670433900 767607360 0 0
corner: 123 670457520 767589230 0 0
corner: 124 670475710 767575320 0 0
corner: 125 670495850 767566960 0 0
corner: 126 670524350 767555180 0 0
corner: 127 670576540 767548280 0 0
corner: 128 878750000 767548280 0 0
corner: 129 878802190 767555180 0 0
corner: 130 878850830 767575320 0 0
corner: 131 878892640 767607360 0 0
corner: 132 878924680 767649170 0 0
corner: 133 878944820 767697810 0 0
corner: 134 878951720 767750000 0 0
corner: 135 878951720 772052190 0 0
corner: 136 878951720 777420170 0 0
corner: 137 878951720 777420170 0 0
corner: 138 878944820 777472410 0 0
corner: 139 878924680 777521060 0 0
corner: 140 878892640 777562810 0 0
corner: 141 876812810 779642640 0 0
corner: 142 876771060 779674680 0 0
corner: 143 876722410 779694820 0 0
corner: 144 876670170 779701720 0 0
corner: 145 679615480 779701720 0 0
corner: 146 678926700 780390440 0 0
corner: 147 678926700 786263000 0 0
corner: 148 878951720 786263000 0 1
net: "OT_H"
area: 1 8 23 2
corner: 1 629548280 568166440 0 0
corner: 2 629548280 564085270 0 0
corner: 3 628522090 563059080 0 0
corner: 4 618176210 563059080 0 0
corner: 5 616701720 564533570 0 0
corner: 6 616701720 568249330 0 0
corner: 7 617500670 569048280 0 0
corner: 8 628666440 569048280 0 1
net: "OT_0V"
area: 1 8 23 2
corner: 1 662973270 568866460 0 0
corner: 2 662973270 564356810 0 0
corner: 3 662214720 563598270 0 0
corner: 4 647759830 563598270 0 0
corner: 5 646851750 564506350 0 0
corner: 6 646851750 568216430 0 0
corner: 7 648133540 569498290 0 0
corner: 8 662341430 569498290 0 1
net: "GND_Sig_0V"
area: 1 7 23 2
corner: 1 915298280 569083560 0 0
corner: 2 911607360 565392640 0 0
corner: 3 906166440 559951720 0 0
corner: 4 900951720 559951720 0 0
corner: 5 900951720 659416440 0 0
corner: 6 904833560 663298280 0 0
corner: 7 915298280 663298280 0 1
net: "GND_ALL"
area: 1 104 23 2
corner: 1 675938780 713474060 0 0
corner: 2 673409550 710944820 0 0
corner: 3 673377500 710903080 0 0
corner: 4 673357360 710854430 0 0
corner: 5 673350460 710802190 0 0
corner: 6 673350460 695960750 0 0
corner: 7 673357360 695908570 0 0
corner: 8 673377500 695859920 0 0
corner: 9 673409550 695818120 0 0
corner: 10 685848270 683379460 0 0
corner: 11 685848270 674633540 0 0
corner: 12 684916440 673701720 0 0
corner: 13 672250000 673701720 0 0
corner: 14 672197810 673694820 0 0
corner: 15 672149170 673674680 0 0
corner: 16 672107360 673642640 0 0
corner: 17 665357360 666892640 0 0
corner: 18 665325320 666850830 0 0
corner: 19 665305180 666802190 0 0
corner: 20 665298280 666750000 0 0
corner: 21 665298280 659837890 0 0
corner: 22 665305180 659785640 0 0
corner: 23 665325320 659737000 0 0
corner: 24 665357360 659695250 0 0
corner: 25 668628850 656423710 0 0
corner: 26 668628850 656423710 0 0
corner: 27 668670650 656391660 0 0
corner: 28 668719300 656371520 0 0
corner: 29 668771480 656364620 0 0
corner: 30 668771550 656364620 0 0
corner: 31 679551820 656364620 0 0
corner: 32 695798280 640118160 0 0
corner: 33 695798280 637297550 0 0
corner: 34 695798280 630863590 0 0
corner: 35 687807370 622872620 0 0
corner: 36 687775330 622830870 0 0
corner: 37 687755130 622782230 0 0
corner: 38 687748290 622729980 0 0
corner: 39 687748290 618633540 0 0
corner: 40 685459110 616344360 0 0
corner: 41 685427000 616302610 0 0
corner: 42 685406860 616253910 0 0
corner: 43 685400020 616201720 0 0
corner: 44 685400020 611264280 0 0
corner: 45 685400020 609923280 0 0
corner: 46 685406860 609871030 0 0
corner: 47 685427000 609822390 0 0
corner: 48 685459110 609780640 0 0
corner: 49 686423280 608816470 0 0
corner: 50 686423280 607799990 0 0
corner: 51 686423280 602622800 0 0
corner: 52 685109560 601309080 0 0
corner: 53 671390440 601309080 0 0
corner: 54 669926700 602772830 0 0
corner: 55 669926700 603724980 0 0
corner: 56 669926700 610891420 0 0
corner: 57 672892640 613857360 0 0
corner: 58 674167600 615132320 0 0
corner: 59 674167660 615132390 0 0
corner: 60 676892640 617857360 0 0
corner: 61 676892640 617857360 0 0
corner: 62 676924680 617899170 0 0
corner: 63 676944820 617947810 0 0
corner: 64 676951720 618000000 0 0
corner: 65 676951720 620091310 0 0
corner: 66 686580140 629719730 0 0
corner: 67 686580140 629719730 0 0
corner: 68 689892640 633032230 0 0
corner: 69 689924680 633073970 0 0
corner: 70 689944820 633122620 0 0
corner: 71 689951720 633174870 0 0
corner: 72 689951720 638332640 0 0
corner: 73 689944820 638384890 0 0
corner: 74 689924680 638433530 0 0
corner: 75 689892640 638475280 0 0
corner: 76 675475280 652892640 0 0
corner: 77 675433530 652924680 0 0
corner: 78 675384890 652944820 0 0
corner: 79 675332640 652951720 0 0
corner: 80 663596370 652951720 0 0
corner: 81 659981750 656566350 0 0
corner: 82 659981750 668196410 0 0
corner: 83 669333560 677548280 0 0
corner: 84 673469910 677548280 0 0
corner: 85 673522160 677555180 0 0
corner: 86 673570800 677575320 0 0
corner: 87 673612550 677607360 0 0
corner: 88 676844360 680839170 0 0
corner: 89 676876400 680880920 0 0
corner: 90 676896550 680929570 0 0
corner: 91 676903440 680981810 0 0
corner: 92 676903440 684333560 0 0
corner: 93 676896550 684385740 0 0
corner: 94 676884770 684414250 0 0
corner: 95 676876400 684434450 0 0
corner: 96 676844360 684476200 0 0
corner: 97 667942810 693377810 0 0
corner: 98 667942750 693377810 0 0
corner: 99 667601750 693718810 0 0
corner: 100 667601750 695513000 0 0
corner: 101 667601750 699150020 0 0
corner: 102 667601750 719066470 0 0
corner: 103 669055240 720519960 0 0
corner: 104 675938780 720519960 0 1
net: "A_GND"
area: 1 212 23 2
corner: 1 794250000 761875000 0 0
corner: 2 800948300 761875000 0 0
corner: 3 800948300 732535280 0 0
corner: 4 799364750 730951720 0 0
corner: 5 779207210 730951720 0 0
corner: 6 779204100 730954100 0 0
corner: 7 779155460 730974240 0 0
corner: 8 779103210 730981140 0 0
corner: 9 779051030 730974240 0 0
corner: 10 779002380 730954100 0 0
corner: 11 778999150 730951600 0 0
corner: 12 778947810 730944820 0 0
corner: 13 778899170 730924680 0 0
corner: 14 778857360 730892640 0 0
corner: 15 778825320 730850830 0 0
corner: 16 778805180 730802190 0 0
corner: 17 778799740 730761170 0 0
corner: 18 773740300 725701720 0 0
corner: 19 755750000 725701720 0 0
corner: 20 755697810 725694820 0 0
corner: 21 755649110 725674680 0 0
corner: 22 755607360 725642640 0 0
corner: 23 742416440 712451720 0 0
corner: 24 718826720 712451720 0 0
corner: 25 718826720 727125000 0 0
corner: 26 718826720 727125000 0 0
corner: 27 718819820 727177190 0 0
corner: 28 718799680 727225830 0 0
corner: 29 718767640 727267640 0 0
corner: 30 716142640 729892640 0 0
corner: 31 716100830 729924680 0 0
corner: 32 716052190 729944820 0 0
corner: 33 716000000 729951720 0 0
corner: 34 618071660 729951720 0 0
corner: 35 610483030 737540410 0 0
corner: 36 610441220 737572450 0 0
corner: 37 610392580 737592590 0 0
corner: 38 610340390 737599490 0 0
corner: 39 604397770 737599490 0 0
corner: 40 604397770 737599490 0 0
corner: 41 604345520 737592590 0 0
corner: 42 604296880 737572450 0 0
corner: 43 604255130 737540410 0 0
corner: 44 602809080 736094360 0 0
corner: 45 602777040 736052550 0 0
corner: 46 602756900 736003910 0 0
corner: 47 602750000 735951720 0 0
corner: 48 602750000 733298280 0 0
corner: 49 602756900 733246030 0 0
corner: 50 602777040 733197390 0 0
corner: 51 602809080 733155640 0 0
corner: 52 604357360 731607360 0 0
corner: 53 604399110 731575320 0 0
corner: 54 604447810 731555180 0 0
corner: 55 604500000 731548280 0 0
corner: 56 604500000 731548280 0 0
corner: 57 608120420 731548280 0 0
corner: 58 609617370 730051330 0 0
corner: 59 609617370 730051330 0 0
corner: 60 615811340 723857360 0 0
corner: 61 615811340 723857360 0 0
corner: 62 615853090 723825320 0 0
corner: 63 615901730 723805180 0 0
corner: 64 615953980 723798280 0 0
corner: 65 625048280 723798280 0 0
corner: 66 625048280 702750000 0 0
corner: 67 625048280 698723080 0 0
corner: 68 625048280 697000000 0 0
corner: 69 625055180 696947810 0 0
corner: 70 625075320 696899110 0 0
corner: 71 625107360 696857360 0 0
corner: 72 627657530 694307190 0 0
corner: 73 627699340 694275090 0 0
corner: 74 627747990 694254940 0 0
corner: 75 627800170 694248110 0 0
corner: 76 627800230 694248110 0 0
corner: 77 651966610 694248110 0 0
corner: 78 660857360 685357360 0 0
corner: 79 660857360 685357360 0 0
corner: 80 662453370 683761350 0 0
corner: 81 662453370 680863650 0 0
corner: 82 661291440 679701720 0 0
corner: 83 657726990 679701720 0 0
corner: 84 655201720 682226990 0 0
corner: 85 655201720 683500000 0 0
corner: 86 655194820 683552190 0 0
corner: 87 655174680 683600830 0 0
corner: 88 655142640 683642640 0 0
corner: 89 655142640 683642640 0 0
corner: 90 654340450 684444820 0 0
corner: 91 654298650 684476930 0 0
corner: 92 654250000 684497070 0 0
corner: 93 654197810 684503910 0 0
corner: 94 618302190 684503910 0 0
corner: 95 618250000 684497070 0 0
corner: 96 618201350 684476930 0 0
corner: 97 618159550 684444820 0 0
corner: 98 618159550 684444820 0 0
corner: 99 611857360 678142640 0 0
corner: 100 611825320 678100830 0 0
corner: 101 611805180 678052190 0 0
corner: 102 611798280 678000000 0 0
corner: 103 611798280 658500000 0 0
corner: 104 611805180 658447810 0 0
corner: 105 611825320 658399170 0 0
corner: 106 611857360 658357360 0 0
corner: 107 614857360 655357360 0 0
corner: 108 620857360 649357360 0 0
corner: 109 620857360 649357360 0 0
corner: 110 620880980 649339230 0 0
corner: 111 620899170 649325320 0 0
corner: 112 620947810 649305180 0 0
corner: 113 621000000 649298280 0 0
corner: 114 672137510 649298280 0 0
corner: 115 679888430 641547360 0 0
corner: 116 679888430 641547360 0 0
corner: 117 681734070 639701720 0 0
corner: 118 666386170 639701720 0 0
corner: 119 619250000 639701720 0 0
corner: 120 615083560 639701720 0 0
corner: 121 613696170 641089110 0 0
corner: 122 613696170 641089110 0 0
corner: 123 611642640 643142640 0 0
corner: 124 611642640 643142640 0 0
corner: 125 605510800 649274480 0 0
corner: 126 605510800 693729800 0 0
corner: 127 605510800 724255800 0 0
corner: 128 605503970 724307980 0 0
corner: 129 605483760 724356630 0 0
corner: 130 605451720 724398440 0 0
corner: 131 599576780 730273380 0 0
corner: 132 599576780 739454530 0 0
corner: 133 600920470 740798280 0 0
corner: 134 610666440 740798280 0 0
corner: 135 618357360 733107360 0 0
corner: 136 618357360 733107360 0 0
corner: 137 618399110 733075320 0 0
corner: 138 618447810 733055180 0 0
corner: 139 618500000 733048280 0 0
corner: 140 618500000 733048280 0 0
corner: 141 669140870 733048280 0 0
corner: 142 669193120 733055180 0 0
corner: 143 669241760 733075320 0 0
corner: 144 669283510 733107360 0 0
corner: 145 672640500 736464360 0 0
corner: 146 676283140 740106990 0 0
corner: 147 676283140 740106990 0 0
corner: 148 676315250 740148800 0 0
corner: 149 676321110 740163020 0 0
corner: 150 676335390 740197450 0 0
corner: 151 676342220 740249630 0 0
corner: 152 676342220 740249690 0 0
corner: 153 676342220 749609500 0 0
corner: 154 676335390 749661680 0 0
corner: 155 676323550 749690190 0 0
corner: 156 676315250 749710330 0 0
corner: 157 676283140 749752140 0 0
corner: 158 673142640 752892640 0 0
corner: 159 673100830 752924680 0 0
corner: 160 673052190 752944820 0 0
corner: 161 673000000 752951720 0 0
corner: 162 623333560 752951720 0 0
corner: 163 622701720 753583560 0 0
corner: 164 622701720 755666440 0 0
corner: 165 623333560 756298280 0 0
corner: 166 681416440 756298280 0 0
corner: 167 686107360 751607360 0 0
corner: 168 686149170 751575320 0 0
corner: 169 686197810 751555180 0 0
corner: 170 686250000 751548280 0 0
corner: 171 741898320 751548280 0 0
corner: 172 752982360 740464230 0 0
corner: 173 752982360 740464230 0 0
corner: 174 756089230 737357360 0 0
corner: 175 756130980 737325320 0 0
corner: 176 756179630 737305180 0 0
corner: 177 756231870 737298280 0 0
corner: 178 777853330 737298280 0 0
corner: 179 777862790 737299500 0 0
corner: 180 777872380 737299190 0 0
corner: 181 777888790 737302920 0 0
corner: 182 777905520 737305180 0 0
corner: 183 777914370 737308840 0 0
corner: 184 777923710 737310970 0 0
corner: 185 777938600 737318850 0 0
corner: 186 777954160 737325320 0 0
corner: 187 777961790 737331120 0 0
corner: 188 777970210 737335630 0 0
corner: 189 777982600 737347110 0 0
corner: 190 777995970 737357360 0 0
corner: 191 778001770 737364930 0 0
corner: 192 778008790 737371460 0 0
corner: 193 779145510 738746460 0 0
corner: 194 779154420 738760740 0 0
corner: 195 779164670 738774170 0 0
corner: 196 779168330 738782960 0 0
corner: 197 779173460 738791080 0 0
corner: 198 779178410 738807190 0 0
corner: 199 779184880 738822810 0 0
corner: 200 779186100 738832280 0 0
corner: 201 779188900 738841430 0 0
corner: 202 779189510 738858280 0 0
corner: 203 779191710 738875000 0 0
corner: 204 779191710 745558290 0 0
corner: 205 779184880 745610470 0 0
corner: 206 779173030 745638980 0 0
corner: 207 779164670 745659120 0 0
corner: 208 779132630 745700930 0 0
corner: 209 769811650 755021910 0 0
corner: 210 769811650 760842710 0 0
corner: 211 769811650 761875000 0 0
corner: 212 794249940 761875000 0 1
net: "GND_ALL"
area: 1 24 23 2
corner: 1 678523250 786346130 0 0
corner: 2 678523250 780306880 0 0
corner: 3 678530150 780254700 0 0
corner: 4 678550290 780206050 0 0
corner: 5 678582340 780164250 0 0
corner: 6 679389280 779357360 0 0
corner: 7 679431030 779325320 0 0
corner: 8 679479680 779305180 0 0
corner: 9 679531920 779298280 0 0
corner: 10 679531920 779298280 0 0
corner: 11 876586610 779298280 0 0
corner: 12 878548280 777336610 0 0
corner: 13 878548280 772052190 0 0
corner: 14 878548280 767951720 0 0
corner: 15 670660100 767951720 0 0
corner: 16 659219180 779392640 0 0
corner: 17 659177430 779424680 0 0
corner: 18 659128780 779444820 0 0
corner: 19 659076540 779451720 0 0
corner: 20 637083560 779451720 0 0
corner: 21 636201720 780333560 0 0
corner: 22 636201720 786666440 0 0
corner: 23 636583560 787048280 0 0
corner: 24 677821170 787048280 0 1
net: "+5V_OPTO2"
area: 1 187 24 2
corner: 1 915298280 787916440 0 0
corner: 2 915298280 691784420 0 0
corner: 3 904153440 691784420 0 0
corner: 4 904153440 691784420 0 0
corner: 5 904101260 691777590 0 0
corner: 6 904052550 691757450 0 0
corner: 7 904010800 691725340 0 0
corner: 8 903607360 691321900 0 0
corner: 9 903575320 691280150 0 0
corner: 10 903555180 691231510 0 0
corner: 11 903548280 691179260 0 0
corner: 12 903548280 688750000 0 0
corner: 13 903548280 688451720 0 0
corner: 14 903555180 688399540 0 0
corner: 15 903575320 688350830 0 0
corner: 16 903607360 688309080 0 0
corner: 17 904809080 687107360 0 0
corner: 18 904850830 687075320 0 0
corner: 19 904899540 687055180 0 0
corner: 20 904951720 687048280 0 0
corner: 21 904951720 687048280 0 0
corner: 22 910166440 687048280 0 0
corner: 23 911548280 685666440 0 0
corner: 24 911548280 685500000 0 0
corner: 25 911548280 573083560 0 0
corner: 26 902166440 563701720 0 0
corner: 27 891951720 563701720 0 0
corner: 28 891951720 592692080 0 0
corner: 29 891951720 605091430 0 0
corner: 30 895892640 609032350 0 0
corner: 31 895924680 609074160 0 0
corner: 32 895944820 609122800 0 0
corner: 33 895951720 609174990 0 0
corner: 34 895951720 609175050 0 0
corner: 35 895951720 657000000 0 0
corner: 36 895951720 694166440 0 0
corner: 37 900583560 698798280 0 0
corner: 38 906468630 698798280 0 0
corner: 39 906520870 698805180 0 0
corner: 40 906569520 698825320 0 0
corner: 41 906611270 698857360 0 0
corner: 42 909814940 702061040 0 0
corner: 43 909814940 702061040 0 0
corner: 44 912094360 704340450 0 0
corner: 45 912126400 704382200 0 0
corner: 46 912146610 704430850 0 0
corner: 47 912153440 704483090 0 0
corner: 48 912153440 704483090 0 0
corner: 49 912153440 727798280 0 0
corner: 50 912153440 774548280 0 0
corner: 51 912146610 774600460 0 0
corner: 52 912126400 774649110 0 0
corner: 53 912094360 774690920 0 0
corner: 54 899392640 787392640 0 0
corner: 55 899350830 787424680 0 0
corner: 56 899302190 787444820 0 0
corner: 57 899250000 787451720 0 0
corner: 58 677500000 787451720 0 0
corner: 59 677500000 787451720 0 0
corner: 60 677447810 787444820 0 0
corner: 61 677413390 787430600 0 0
corner: 62 677399170 787424680 0 0
corner: 63 677357360 787392640 0 0
corner: 64 677357360 787392640 0 0
corner: 65 676107360 786142640 0 0
corner: 66 676075320 786100830 0 0
corner: 67 676055180 786052190 0 0
corner: 68 676048280 786000000 0 0
corner: 69 676048280 770451720 0 0
corner: 70 600000000 770451720 0 0
corner: 71 600000000 770451720 0 0
corner: 72 599947810 770444820 0 0
corner: 73 599899170 770424680 0 0
corner: 74 599857360 770392640 0 0
corner: 75 595857360 766392640 0 0
corner: 76 595825320 766350830 0 0
corner: 77 595805180 766302190 0 0
corner: 78 595798280 766250000 0 0
corner: 79 595798280 751333560 0 0
corner: 80 594166440 749701720 0 0
corner: 81 575500000 749701720 0 0
corner: 82 575447810 749694820 0 0
corner: 83 575399170 749674680 0 0
corner: 84 575380980 749660770 0 0
corner: 85 575357360 749642640 0 0
corner: 86 575357360 749642640 0 0
corner: 87 572607360 746892640 0 0
corner: 88 572575320 746850830 0 0
corner: 89 572555180 746802190 0 0
corner: 90 572548280 746750000 0 0
corner: 91 572548280 666960330 0 0
corner: 92 572555180 666908140 0 0
corner: 93 572575320 666859500 0 0
corner: 94 572607360 666817690 0 0
corner: 95 573817690 665607360 0 0
corner: 96 573859500 665575320 0 0
corner: 97 573908140 665555180 0 0
corner: 98 573960330 665548280 0 0
corner: 99 590929440 665548280 0 0
corner: 100 591801640 664676030 0 0
corner: 101 591805180 664649540 0 0
corner: 102 591825320 664600830 0 0
corner: 103 591857360 664559080 0 0
corner: 104 591899170 664527040 0 0
corner: 105 591947810 664506900 0 0
corner: 106 591974300 664503360 0 0
corner: 107 592548280 663929440 0 0
corner: 108 592548280 661000000 0 0
corner: 109 592548280 651750000 0 0
corner: 110 592548280 609375000 0 0
corner: 111 592555180 609322810 0 0
corner: 112 592575320 609274110 0 0
corner: 113 592607360 609232360 0 0
corner: 114 599857360 601982360 0 0
corner: 115 599899170 601950320 0 0
corner: 116 599947810 601930180 0 0
corner: 117 600000000 601923280 0 0
corner: 118 628041440 601923280 0 0
corner: 119 646048280 583916440 0 0
corner: 120 646048280 565000000 0 0
corner: 121 646055180 564947810 0 0
corner: 122 646075320 564899170 0 0
corner: 123 646107360 564857360 0 0
corner: 124 647357360 563607360 0 0
corner: 125 647357360 563607360 0 0
corner: 126 647399170 563575320 0 0
corner: 127 647413390 563569400 0 0
corner: 128 647447810 563555110 0 0
corner: 129 647500000 563548280 0 0
corner: 130 647500000 563548280 0 0
corner: 131 654642640 563548280 0 0
corner: 132 654694820 563555180 0 0
corner: 133 654743530 563575320 0 0
corner: 134 654785280 563607360 0 0
corner: 135 656392640 565214720 0 0
corner: 136 656424680 565256470 0 0
corner: 137 656433040 565276670 0 0
corner: 138 656444820 565305180 0 0
corner: 139 656451720 565357360 0 0
corner: 140 656451720 573298280 0 0
corner: 141 733166440 573298280 0 0
corner: 142 736607360 569857360 0 0
corner: 143 736649110 569825320 0 0
corner: 144 736697750 569805180 0 0
corner: 145 736750000 569798280 0 0
corner: 146 849798280 569798280 0 0
corner: 147 849798280 566500000 0 0
corner: 148 849798280 563750000 0 0
corner: 149 849804630 563701720 0 0
corner: 150 745583560 563701720 0 0
corner: 151 744142640 565142640 0 0
corner: 152 744100830 565174680 0 0
corner: 153 744052190 565194820 0 0
corner: 154 744000000 565201720 0 0
corner: 155 739750000 565201720 0 0
corner: 156 739697810 565194820 0 0
corner: 157 739669310 565183040 0 0
corner: 158 739649170 565174680 0 0
corner: 159 739607360 565142640 0 0
corner: 160 738166440 563701720 0 0
corner: 161 671833560 563701720 0 0
corner: 162 670176700 565358580 0 0
corner: 163 670176700 567324950 0 0
corner: 164 670176760 567325010 0 0
corner: 165 670169860 567377200 0 0
corner: 166 670149720 567425840 0 0
corner: 167 670117610 567467650 0 0
corner: 168 668240910 569344360 0 0
corner: 169 668199160 569376400 0 0
corner: 170 668150510 569396550 0 0
corner: 171 668098270 569403440 0 0
corner: 172 663951720 569403440 0 0
corner: 173 663899540 569396550 0 0
corner: 174 663850830 569376400 0 0
corner: 175 663809080 569344360 0 0
corner: 176 663809080 569344360 0 0
corner: 177 663107360 568642640 0 0
corner: 178 663075320 568600830 0 0
corner: 179 663055180 568552190 0 0
corner: 180 663048280 568500000 0 0
corner: 181 663048280 560981990 0 0
corner: 182 663048280 559951720 0 0
corner: 183 580833560 559951720 0 0
corner: 184 568701720 572083560 0 0
corner: 185 568701720 785916440 0 0
corner: 186 580333560 797548280 0 0
corner: 187 905666440 797548280 0 1
net: "Unconnected_Area."
area: 1 4 24 2
corner: 1 916998660 555751340 0 0
corner: 2 567001340 555751340 0 0
corner: 3 567001340 805748600 0 0
corner: 4 916998660 805748600 0 1
net: "+5V_OY"
area: 1 166 24 2
corner: 1 790798280 763166440 0 0
corner: 2 790798280 740367680 0 0
corner: 3 786323240 735892640 0 0
corner: 4 786291200 735850830 0 0
corner: 5 786273930 735809200 0 0
corner: 6 781916440 731451720 0 0
corner: 7 754000000 731451720 0 0
corner: 8 754000000 731451720 0 0
corner: 9 753947810 731444820 0 0
corner: 10 753899170 731424680 0 0
corner: 11 753857360 731392640 0 0
corner: 12 753857360 731392640 0 0
corner: 13 740416440 717951720 0 0
corner: 14 730583560 717951720 0 0
corner: 15 727042660 721492610 0 0
corner: 16 715642640 732892640 0 0
corner: 17 715600890 732924680 0 0
corner: 18 715552250 732944820 0 0
corner: 19 715500000 732951720 0 0
corner: 20 692500000 732951720 0 0
corner: 21 692500000 732951720 0 0
corner: 22 692500000 732951720 0 0
corner: 23 639437500 732951720 0 0
corner: 24 639385310 732944820 0 0
corner: 25 639336670 732924680 0 0
corner: 26 639294860 732892640 0 0
corner: 27 629357360 722955140 0 0
corner: 28 629325320 722913330 0 0
corner: 29 629305180 722864690 0 0
corner: 30 629298280 722812500 0 0
corner: 31 629298280 693750000 0 0
corner: 32 629298280 675250000 0 0
corner: 33 629298280 672333560 0 0
corner: 34 625416440 668451720 0 0
corner: 35 613594360 668451720 0 0
corner: 36 613542180 668444820 0 0
corner: 37 613493530 668424680 0 0
corner: 38 613451720 668392640 0 0
corner: 39 608357360 663298280 0 0
corner: 40 608325320 663256470 0 0
corner: 41 608305180 663207820 0 0
corner: 42 608298280 663155640 0 0
corner: 43 608298280 649833070 0 0
corner: 44 608305180 649780820 0 0
corner: 45 608325320 649732180 0 0
corner: 46 608357360 649690430 0 0
corner: 47 613329530 644718200 0 0
corner: 48 613333190 644713440 0 0
corner: 49 616065920 641980710 0 0
corner: 50 616814270 641232360 0 0
corner: 51 616856080 641200320 0 0
corner: 52 616904720 641180180 0 0
corner: 53 616956910 641173280 0 0
corner: 54 676381160 641173280 0 0
corner: 55 676876890 640677550 0 0
corner: 56 676876890 637321230 0 0
corner: 57 630077880 637321230 0 0
corner: 58 629756470 637642640 0 0
corner: 59 629714720 637674680 0 0
corner: 60 629666080 637694820 0 0
corner: 61 629613830 637701720 0 0
corner: 62 612968570 637701720 0 0
corner: 63 610392640 640277650 0 0
corner: 64 610392640 640277650 0 0
corner: 65 603201720 647468570 0 0
corner: 66 603201720 664750000 0 0
corner: 67 603201720 669000000 0 0
corner: 68 603201720 675916440 0 0
corner: 69 624017640 696732360 0 0
corner: 70 624049680 696774110 0 0
corner: 71 624069820 696822810 0 0
corner: 72 624076720 696875000 0 0
corner: 73 624076720 696875000 0 0
corner: 74 624076720 710750000 0 0
corner: 75 624076720 735884090 0 0
corner: 76 626100950 737908330 0 0
corner: 77 629265380 741072750 0 0
corner: 78 633039430 744846800 0 0
corner: 79 669867920 744846800 0 0
corner: 80 671048280 743666440 0 0
corner: 81 671048280 742482970 0 0
corner: 82 670359560 741794250 0 0
corner: 83 658794250 741794250 0 0
corner: 84 658742000 741787350 0 0
corner: 85 658693360 741767210 0 0
corner: 86 658651610 741735170 0 0
corner: 87 657857360 740940920 0 0
corner: 88 657825320 740899170 0 0
corner: 89 657805180 740850460 0 0
corner: 90 657798280 740798280 0 0
corner: 91 657798280 738548280 0 0
corner: 92 657805180 738496030 0 0
corner: 93 657825320 738447390 0 0
corner: 94 657857360 738405640 0 0
corner: 95 658405640 737857360 0 0
corner: 96 658405640 737857360 0 0
corner: 97 658447390 737825320 0 0
corner: 98 658496030 737805180 0 0
corner: 99 658548280 737798280 0 0
corner: 100 725497500 737798280 0 0
corner: 101 730496090 732799680 0 0
corner: 102 730496090 724952210 0 0
corner: 103 730502930 724900020 0 0
corner: 104 730523070 724851380 0 0
corner: 105 730555180 724809570 0 0
corner: 106 733394350 721970340 0 0
corner: 107 733436160 721938290 0 0
corner: 108 733484800 721918150 0 0
corner: 109 733536990 721911250 0 0
corner: 110 734922240 721911250 0 0
corner: 111 734974430 721918150 0 0
corner: 112 735023070 721938290 0 0
corner: 113 735064880 721970340 0 0
corner: 114 736392640 723298160 0 0
corner: 115 736424680 723339900 0 0
corner: 116 736444820 723388550 0 0
corner: 117 736451720 723440800 0 0
corner: 118 736451720 723440800 0 0
corner: 119 736451720 734666440 0 0
corner: 120 739381840 737596560 0 0
corner: 121 778048280 737596560 0 0
corner: 122 778100460 737603390 0 0
corner: 123 778149170 737623600 0 0
corner: 124 778190920 737655640 0 0
corner: 125 782010680 741475400 0 0
corner: 126 782042720 741517210 0 0
corner: 127 782051090 741537350 0 0
corner: 128 782062930 741565860 0 0
corner: 129 782069760 741618040 0 0
corner: 130 782069760 757118040 0 0
corner: 131 782069760 760554570 0 0
corner: 132 782069760 760554570 0 0
corner: 133 782062930 760606810 0 0
corner: 134 782042720 760655460 0 0
corner: 135 782010680 760697200 0 0
corner: 136 781555790 761152100 0 0
corner: 137 781514040 761184140 0 0
corner: 138 781465390 761204280 0 0
corner: 139 781413150 761211180 0 0
corner: 140 779407650 761211180 0 0
corner: 141 779407650 761211180 0 0
corner: 142 779355410 761204350 0 0
corner: 143 779321040 761190060 0 0
corner: 144 779306760 761184140 0 0
corner: 145 779265010 761152100 0 0
corner: 146 779265010 761152100 0 0
corner: 147 775357360 757244450 0 0
corner: 148 775325320 757202700 0 0
corner: 149 775305180 757154050 0 0
corner: 150 775298280 757101810 0 0
corner: 151 775298280 750899900 0 0
corner: 152 766600100 742201720 0 0
corner: 153 728250000 742201720 0 0
corner: 154 725256900 745194820 0 0
corner: 155 725215090 745226930 0 0
corner: 156 725166440 745247070 0 0
corner: 157 725114260 745253910 0 0
corner: 158 715912780 745253910 0 0
corner: 159 715912780 747627500 0 0
corner: 160 716333560 748048280 0 0
corner: 161 759610900 748048280 0 0
corner: 162 759663150 748055180 0 0
corner: 163 759711790 748075320 0 0
corner: 164 759753540 748107360 0 0
corner: 165 775944460 764298280 0 0
corner: 166 789666440 764298280 0 1
net: "-5V_OY"
area: 1 192 24 2
corner: 1 781666320 760471010 0 0
corner: 2 781666320 757118040 0 0
corner: 3 781666320 741701600 0 0
corner: 4 777964720 738000000 0 0
corner: 5 739298280 738000000 0 0
corner: 6 739298280 738000000 0 0
corner: 7 739246090 737993100 0 0
corner: 8 739197390 737972960 0 0
corner: 9 739155640 737940920 0 0
corner: 10 736107360 734892640 0 0
corner: 11 736075320 734850830 0 0
corner: 12 736055180 734802190 0 0
corner: 13 736048280 734750000 0 0
corner: 14 736048280 723524350 0 0
corner: 15 734838680 722314700 0 0
corner: 16 733620540 722314700 0 0
corner: 17 730899540 725035770 0 0
corner: 18 730899540 732883240 0 0
corner: 19 730892640 732935490 0 0
corner: 20 730872500 732984130 0 0
corner: 21 730840450 733025880 0 0
corner: 22 725723690 738142640 0 0
corner: 23 725681880 738174680 0 0
corner: 24 725633240 738194820 0 0
corner: 25 725581050 738201720 0 0
corner: 26 658631840 738201720 0 0
corner: 27 658201720 738631840 0 0
corner: 28 658201720 740714720 0 0
corner: 29 658877810 741390810 0 0
corner: 30 670443120 741390810 0 0
corner: 31 670495300 741397640 0 0
corner: 32 670543950 741417850 0 0
corner: 33 670585750 741449890 0 0
corner: 34 671392640 742256770 0 0
corner: 35 671424680 742298520 0 0
corner: 36 671444820 742347230 0 0
corner: 37 671451720 742399410 0 0
corner: 38 671451720 742399410 0 0
corner: 39 671451720 743750000 0 0
corner: 40 671444820 743802190 0 0
corner: 41 671433040 743830690 0 0
corner: 42 671424680 743850830 0 0
corner: 43 671410770 743869020 0 0
corner: 44 671392640 743892640 0 0
corner: 45 671392640 743892640 0 0
corner: 46 670094120 745191160 0 0
corner: 47 670052370 745223210 0 0
corner: 48 670003660 745243350 0 0
corner: 49 669951480 745250240 0 0
corner: 50 632955870 745250240 0 0
corner: 51 632903690 745243350 0 0
corner: 52 632855040 745223210 0 0
corner: 53 632813230 745191160 0 0
corner: 54 632813230 745191160 0 0
corner: 55 628980100 741358030 0 0
corner: 56 625815670 738193600 0 0
corner: 57 623732360 736110290 0 0
corner: 58 623700320 736068480 0 0
corner: 59 623680180 736019840 0 0
corner: 60 623673280 735967650 0 0
corner: 61 623673280 710750000 0 0
corner: 62 623673280 696958560 0 0
corner: 63 602857360 676142640 0 0
corner: 64 602825320 676100830 0 0
corner: 65 602805180 676052190 0 0
corner: 66 602798280 676000000 0 0
corner: 67 602798280 669000000 0 0
corner: 68 602798280 664750000 0 0
corner: 69 602798280 647385010 0 0
corner: 70 602805180 647332760 0 0
corner: 71 602825320 647284120 0 0
corner: 72 602857360 647242370 0 0
corner: 73 610107360 639992370 0 0
corner: 74 610107360 639992370 0 0
corner: 75 612742370 637357360 0 0
corner: 76 612742370 637357360 0 0
corner: 77 612784120 637325320 0 0
corner: 78 612798400 637319400 0 0
corner: 79 612832760 637305180 0 0
corner: 80 612885010 637298280 0 0
corner: 81 612885010 637298280 0 0
corner: 82 629530270 637298280 0 0
corner: 83 629851680 636976870 0 0
corner: 84 629893490 636944820 0 0
corner: 85 629942140 636924620 0 0
corner: 86 629994320 636917790 0 0
corner: 87 629994380 636917790 0 0
corner: 88 676876890 636917790 0 0
corner: 89 676876890 632505370 0 0
corner: 90 676179440 631807920 0 0
corner: 91 662606200 631807920 0 0
corner: 92 662554020 631801090 0 0
corner: 93 662505370 631780940 0 0
corner: 94 662463560 631748840 0 0
corner: 95 655732360 625017640 0 0
corner: 96 655700320 624975830 0 0
corner: 97 655680180 624927190 0 0
corner: 98 655673280 624875000 0 0
corner: 99 655673280 611706360 0 0
corner: 100 655673280 598559690 0 0
corner: 101 655680180 598507450 0 0
corner: 102 655700320 598458800 0 0
corner: 103 655732360 598417050 0 0
corner: 104 656292050 597857360 0 0
corner: 105 656333800 597825320 0 0
corner: 106 656382450 597805180 0 0
corner: 107 656434690 597798280 0 0
corner: 108 662298280 597798280 0 0
corner: 109 662350460 597805180 0 0
corner: 110 662399170 597825320 0 0
corner: 111 662440920 597857360 0 0
corner: 112 663217960 598634400 0 0
corner: 113 663217960 598634400 0 0
corner: 114 663250000 598676150 0 0
corner: 115 663270140 598724790 0 0
corner: 116 663277040 598777040 0 0
corner: 117 663277040 598777040 0 0
corner: 118 663277040 610973390 0 0
corner: 119 663277040 612741760 0 0
corner: 120 665583560 615048280 0 0
corner: 121 683221680 615048280 0 0
corner: 122 683273860 615055180 0 0
corner: 123 683322510 615075320 0 0
corner: 124 683364320 615107360 0 0
corner: 125 684892640 616635680 0 0
corner: 126 684921450 616673280 0 0
corner: 127 715879460 616673280 0 0
corner: 128 723548280 609004460 0 0
corner: 129 723548280 597197810 0 0
corner: 130 723555180 597145570 0 0
corner: 131 723575320 597096920 0 0
corner: 132 723607360 597055180 0 0
corner: 133 725805110 594857360 0 0
corner: 134 725846920 594825320 0 0
corner: 135 725895570 594805180 0 0
corner: 136 725947810 594798280 0 0
corner: 137 870166440 594798280 0 0
corner: 138 875425420 589539310 0 0
corner: 139 880261840 584534970 0 0
corner: 140 880050290 563701720 0 0
corner: 141 871750000 563701720 0 0
corner: 142 871750000 566889220 0 0
corner: 143 871750000 568860780 0 0
corner: 144 871750000 572451720 0 0
corner: 145 871743100 572503970 0 0
corner: 146 871722960 572552610 0 0
corner: 147 871690920 572594360 0 0
corner: 148 869642640 574642640 0 0
corner: 149 869642640 574642640 0 0
corner: 150 860248900 584036380 0 0
corner: 151 860207090 584068420 0 0
corner: 152 860158450 584088620 0 0
corner: 153 860106260 584095460 0 0
corner: 154 663127500 584095460 0 0
corner: 155 663101440 584092040 0 0
corner: 156 663075320 584095460 0 0
corner: 157 658939820 584095460 0 0
corner: 158 628690920 614344360 0 0
corner: 159 628649170 614376400 0 0
corner: 160 628600460 614396550 0 0
corner: 161 628548280 614403440 0 0
corner: 162 605881840 614403440 0 0
corner: 163 598201720 622083560 0 0
corner: 164 598201720 724166440 0 0
corner: 165 627133540 753098270 0 0
corner: 166 704866460 753098270 0 0
corner: 167 713107360 744857360 0 0
corner: 168 713149170 744825320 0 0
corner: 169 713197810 744805180 0 0
corner: 170 713250000 744798280 0 0
corner: 171 713302190 744805180 0 0
corner: 172 713350830 744825320 0 0
corner: 173 713392640 744857360 0 0
corner: 174 713392640 744857360 0 0
corner: 175 713444820 744850460 0 0
corner: 176 725030640 744850460 0 0
corner: 177 728023800 741857360 0 0
corner: 178 728065550 741825320 0 0
corner: 179 728114260 741805180 0 0
corner: 180 728166440 741798280 0 0
corner: 181 766683650 741798280 0 0
corner: 182 766735840 741805180 0 0
corner: 183 766784550 741825320 0 0
corner: 184 766826290 741857360 0 0
corner: 185 775642640 750673710 0 0
corner: 186 775642640 750673710 0 0
corner: 187 775674680 750715450 0 0
corner: 188 775694820 750764100 0 0
corner: 189 775701720 750816350 0 0
corner: 190 775701720 757018250 0 0
corner: 191 779491210 760807740 0 0
corner: 192 781329590 760807740 0 1
net: "+5V_OPTO1"
area: 1 206 24 2
corner: 1 882298280 765916440 0 0
corner: 2 882298280 748125000 0 0
corner: 3 882298280 726250000 0 0
corner: 4 882298280 724750000 0 0
corner: 5 882298280 715583560 0 0
corner: 6 870107360 703392640 0 0
corner: 7 825607360 658892640 0 0
corner: 8 825575320 658850830 0 0
corner: 9 825555180 658802190 0 0
corner: 10 825548280 658750000 0 0
corner: 11 825548280 657583560 0 0
corner: 12 824295650 656330930 0 0
corner: 13 812454350 656330930 0 0
corner: 14 802451720 666333560 0 0
corner: 15 802451720 724500000 0 0
corner: 16 802444820 724552190 0 0
corner: 17 802433040 724580690 0 0
corner: 18 802424680 724600830 0 0
corner: 19 802392640 724642640 0 0
corner: 20 801392640 725642640 0 0
corner: 21 801350830 725674680 0 0
corner: 22 801302190 725694820 0 0
corner: 23 801250000 725701720 0 0
corner: 24 799000000 725701720 0 0
corner: 25 799000000 725701720 0 0
corner: 26 798947810 725694820 0 0
corner: 27 798899170 725674680 0 0
corner: 28 798857360 725642640 0 0
corner: 29 798857360 725642640 0 0
corner: 30 797107360 723892640 0 0
corner: 31 797075320 723850830 0 0
corner: 32 797055110 723802190 0 0
corner: 33 797048280 723750000 0 0
corner: 34 797048280 707284300 0 0
corner: 35 785550720 695786740 0 0
corner: 36 753113460 695786740 0 0
corner: 37 753061280 695793580 0 0
corner: 38 753009030 695786740 0 0
corner: 39 750498540 695786740 0 0
corner: 40 744392640 701892640 0 0
corner: 41 744350830 701924680 0 0
corner: 42 744302190 701944820 0 0
corner: 43 744250000 701951720 0 0
corner: 44 737000000 701951720 0 0
corner: 45 737000000 701951720 0 0
corner: 46 736947810 701944820 0 0
corner: 47 736899170 701924680 0 0
corner: 48 736857360 701892640 0 0
corner: 49 714166440 679201720 0 0
corner: 50 710887150 679201720 0 0
corner: 51 705132450 684956420 0 0
corner: 52 692701720 697833070 0 0
corner: 53 692701720 732548280 0 0
corner: 54 715416440 732548280 0 0
corner: 55 726757390 721207340 0 0
corner: 56 730357360 717607360 0 0
corner: 57 730399170 717575320 0 0
corner: 58 730447810 717555180 0 0
corner: 59 730500000 717548280 0 0
corner: 60 740500000 717548280 0 0
corner: 61 740552190 717555180 0 0
corner: 62 740600830 717575320 0 0
corner: 63 740642640 717607360 0 0
corner: 64 754083560 731048280 0 0
corner: 65 782000000 731048280 0 0
corner: 66 782052190 731055180 0 0
corner: 67 782100830 731075320 0 0
corner: 68 782142640 731107360 0 0
corner: 69 786608520 735573240 0 0
corner: 70 786640560 735614990 0 0
corner: 71 786657840 735656680 0 0
corner: 72 791142640 740141480 0 0
corner: 73 791142640 740141480 0 0
corner: 74 791174680 740183290 0 0
corner: 75 791180600 740197510 0 0
corner: 76 791194820 740231930 0 0
corner: 77 791201720 740284120 0 0
corner: 78 791201720 740284120 0 0
corner: 79 791201720 763250000 0 0
corner: 80 791201720 763250000 0 0
corner: 81 791194820 763302190 0 0
corner: 82 791174680 763350830 0 0
corner: 83 791142640 763392640 0 0
corner: 84 789892640 764642640 0 0
corner: 85 789850830 764674680 0 0
corner: 86 789802190 764694820 0 0
corner: 87 789750000 764701720 0 0
corner: 88 775860900 764701720 0 0
corner: 89 775808720 764694820 0 0
corner: 90 775760070 764674680 0 0
corner: 91 775718260 764642640 0 0
corner: 92 759527340 748451720 0 0
corner: 93 716250000 748451720 0 0
corner: 94 716197810 748444820 0 0
corner: 95 716149170 748424680 0 0
corner: 96 716107360 748392640 0 0
corner: 97 715568420 747853700 0 0
corner: 98 715536380 747811890 0 0
corner: 99 715516170 747763240 0 0
corner: 100 715509340 747711060 0 0
corner: 101 715509340 745253910 0 0
corner: 102 713444820 745253910 0 0
corner: 103 713392640 745247070 0 0
corner: 104 713343990 745226930 0 0
corner: 105 713323850 745211430 0 0
corner: 106 705092650 753442630 0 0
corner: 107 705050840 753474670 0 0
corner: 108 705002200 753494870 0 0
corner: 109 704950010 753501710 0 0
corner: 110 627049990 753501710 0 0
corner: 111 626997800 753494870 0 0
corner: 112 626949160 753474670 0 0
corner: 113 626930970 753460750 0 0
corner: 114 626907350 753442630 0 0
corner: 115 626907350 753442630 0 0
corner: 116 597857360 724392640 0 0
corner: 117 597825320 724350830 0 0
corner: 118 597805180 724302190 0 0
corner: 119 597798280 724250000 0 0
corner: 120 597798280 622000000 0 0
corner: 121 597805180 621947750 0 0
corner: 122 597825320 621899110 0 0
corner: 123 597857360 621857360 0 0
corner: 124 605655640 614059080 0 0
corner: 125 605697390 614027040 0 0
corner: 126 605746090 614006900 0 0
corner: 127 605798280 614000000 0 0
corner: 128 628464720 614000000 0 0
corner: 129 658713620 583751100 0 0
corner: 130 658755370 583719060 0 0
corner: 131 658804080 583698910 0 0
corner: 132 658856260 583692020 0 0
corner: 133 663075320 583692020 0 0
corner: 134 663101440 583695430 0 0
corner: 135 663127500 583692020 0 0
corner: 136 860022710 583692020 0 0
corner: 137 869357360 574357360 0 0
corner: 138 869357360 574357360 0 0
corner: 139 871346560 572368160 0 0
corner: 140 871346560 568860780 0 0
corner: 141 871346560 566889220 0 0
corner: 142 871346560 563701720 0 0
corner: 143 850195370 563701720 0 0
corner: 144 850201720 563750000 0 0
corner: 145 850201720 566500000 0 0
corner: 146 850201720 570000000 0 0
corner: 147 850194820 570052190 0 0
corner: 148 850174680 570100830 0 0
corner: 149 850142640 570142640 0 0
corner: 150 850100830 570174680 0 0
corner: 151 850052190 570194820 0 0
corner: 152 850000000 570201720 0 0
corner: 153 736833560 570201720 0 0
corner: 154 733392640 573642640 0 0
corner: 155 733350830 573674680 0 0
corner: 156 733302190 573694820 0 0
corner: 157 733250000 573701720 0 0
corner: 158 656250000 573701720 0 0
corner: 159 656197810 573694820 0 0
corner: 160 656149170 573674680 0 0
corner: 161 656107360 573642640 0 0
corner: 162 656075320 573600830 0 0
corner: 163 656055180 573552190 0 0
corner: 164 656048280 573500000 0 0
corner: 165 656048280 565440920 0 0
corner: 166 654559080 563951720 0 0
corner: 167 647583560 563951720 0 0
corner: 168 646451720 565083560 0 0
corner: 169 646451720 584000000 0 0
corner: 170 646444820 584052190 0 0
corner: 171 646424680 584100830 0 0
corner: 172 646392640 584142640 0 0
corner: 173 628267640 602267640 0 0
corner: 174 628225830 602299680 0 0
corner: 175 628177190 602319820 0 0
corner: 176 628125000 602326720 0 0
corner: 177 600083560 602326720 0 0
corner: 178 592951720 609458560 0 0
corner: 179 592951720 651750000 0 0
corner: 180 592951720 661000000 0 0
corner: 181 592951720 664013000 0 0
corner: 182 592951720 664013000 0 0
corner: 183 592944820 664065190 0 0
corner: 184 592930600 664099610 0 0
corner: 185 592924680 664113830 0 0
corner: 186 592892640 664155640 0 0
corner: 187 592892640 664155640 0 0
corner: 188 591155640 665892640 0 0
corner: 189 591113830 665924680 0 0
corner: 190 591065190 665944820 0 0
corner: 191 591013000 665951720 0 0
corner: 192 574043880 665951720 0 0
corner: 193 572951720 667043880 0 0
corner: 194 572951720 746666440 0 0
corner: 195 575583560 749298280 0 0
corner: 196 594250000 749298280 0 0
corner: 197 594302190 749305180 0 0
corner: 198 594350830 749325320 0 0
corner: 199 594392640 749357360 0 0
corner: 200 596142640 751107360 0 0
corner: 201 596174680 751149170 0 0
corner: 202 596194820 751197810 0 0
corner: 203 596201720 751250000 0 0
corner: 204 596201720 766166440 0 0
corner: 205 600083560 770048280 0 0
corner: 206 878166440 770048280 0 1
net: "Vcc_CPU1"
area: 1 158 24 2
corner: 1 665395690 719482360 0 0
corner: 2 666020690 718857360 0 0
corner: 3 666020690 718857360 0 0
corner: 4 668548280 716329770 0 0
corner: 5 668548280 712750000 0 0
corner: 6 668548280 665500000 0 0
corner: 7 668555180 665447810 0 0
corner: 8 668575320 665399170 0 0
corner: 9 668607360 665357360 0 0
corner: 10 670462100 663502620 0 0
corner: 11 670462100 663502620 0 0
corner: 12 670503910 663470580 0 0
corner: 13 670552550 663450380 0 0
corner: 14 670604740 663443540 0 0
corner: 15 670604740 663443540 0 0
corner: 16 676376340 663443540 0 0
corner: 17 694108640 646356080 0 0
corner: 18 697905640 642559080 0 0
corner: 19 697905640 642559080 0 0
corner: 20 698107360 642357360 0 0
corner: 21 698107360 642357360 0 0
corner: 22 698149110 642325320 0 0
corner: 23 698197810 642305180 0 0
corner: 24 698250000 642298280 0 0
corner: 25 700039430 642298280 0 0
corner: 26 700091610 642305180 0 0
corner: 27 700140260 642325320 0 0
corner: 28 700182070 642357360 0 0
corner: 29 700815920 642991210 0 0
corner: 30 700815920 642991210 0 0
corner: 31 700823240 643000790 0 0
corner: 32 701017640 643195190 0 0
corner: 33 701017640 643195190 0 0
corner: 34 701035770 643218810 0 0
corner: 35 701049680 643236940 0 0
corner: 36 701058040 643257080 0 0
corner: 37 701069820 643285580 0 0
corner: 38 701076720 643337830 0 0
corner: 39 701076720 645568970 0 0
corner: 40 701431030 645923280 0 0
corner: 41 703443970 645923280 0 0
corner: 42 704548280 644818970 0 0
corner: 43 704548280 642543880 0 0
corner: 44 704555180 642491700 0 0
corner: 45 704575320 642443050 0 0
corner: 46 704607360 642401250 0 0
corner: 47 705401250 641607360 0 0
corner: 48 705443050 641575320 0 0
corner: 49 705491700 641555180 0 0
corner: 50 705543880 641548280 0 0
corner: 51 777969850 641548280 0 0
corner: 52 779048280 640469850 0 0
corner: 53 779048280 638083560 0 0
corner: 54 767107360 626142640 0 0
corner: 55 757857360 616892640 0 0
corner: 56 757825320 616850830 0 0
corner: 57 757805180 616802190 0 0
corner: 58 757798280 616750000 0 0
corner: 59 757798280 608100890 0 0
corner: 60 757798280 606750000 0 0
corner: 61 757798280 606250000 0 0
corner: 62 757805180 606197810 0 0
corner: 63 757825320 606149170 0 0
corner: 64 757857360 606107360 0 0
corner: 65 758809080 605155640 0 0
corner: 66 758850830 605123600 0 0
corner: 67 758899540 605103390 0 0
corner: 68 758951720 605096560 0 0
corner: 69 891548280 605096560 0 0
corner: 70 891548280 598500000 0 0
corner: 71 891548280 592692080 0 0
corner: 72 891548280 563701720 0 0
corner: 73 880453800 563701720 0 0
corner: 74 880666080 584613590 0 0
corner: 75 880662960 584639100 0 0
corner: 76 880660100 584664550 0 0
corner: 77 880659850 584665160 0 0
corner: 78 880659730 584665890 0 0
corner: 79 880650090 584689820 0 0
corner: 80 880640750 584713500 0 0
corner: 81 880640320 584714050 0 0
corner: 82 880640080 584714720 0 0
corner: 83 880624690 584735230 0 0
corner: 84 880609440 584755860 0 0
corner: 85 875714360 589820920 0 0
corner: 86 875712950 589821960 0 0
corner: 87 875711910 589823360 0 0
corner: 88 870392640 595142640 0 0
corner: 89 870350830 595174680 0 0
corner: 90 870302190 595194820 0 0
corner: 91 870250000 595201720 0 0
corner: 92 726031310 595201720 0 0
corner: 93 723951720 597281370 0 0
corner: 94 723951720 609088010 0 0
corner: 95 723944820 609140200 0 0
corner: 96 723924680 609188840 0 0
corner: 97 723892640 609230650 0 0
corner: 98 723892640 609230650 0 0
corner: 99 716105650 617017640 0 0
corner: 100 716063840 617049680 0 0
corner: 101 716015200 617069820 0 0
corner: 102 715963010 617076720 0 0
corner: 103 684951720 617076720 0 0
corner: 104 684951720 642976320 0 0
corner: 105 684951540 642977780 0 0
corner: 106 684951720 642979250 0 0
corner: 107 684948120 643003850 0 0
corner: 108 684944820 643028500 0 0
corner: 109 684944270 643029910 0 0
corner: 110 684944030 643031370 0 0
corner: 111 684934270 643054140 0 0
corner: 112 684924680 643077150 0 0
corner: 113 684923770 643078370 0 0
corner: 114 684923220 643079710 0 0
corner: 115 684907840 643099180 0 0
corner: 116 684892640 643118960 0 0
corner: 117 684891480 643119870 0 0
corner: 118 684890500 643121030 0 0
corner: 119 673177610 654494930 0 0
corner: 120 673157710 654509770 0 0
corner: 121 673137940 654524960 0 0
corner: 122 673136540 654525510 0 0
corner: 123 673135380 654526430 0 0
corner: 124 673112240 654535580 0 0
corner: 125 673089290 654545100 0 0
corner: 126 673087830 654545290 0 0
corner: 127 673086430 654545840 0 0
corner: 128 673061650 654548710 0 0
corner: 129 673037050 654551940 0 0
corner: 130 619605530 654551940 0 0
corner: 131 617514830 656642640 0 0
corner: 132 613777040 660380430 0 0
corner: 133 613777040 661512210 0 0
corner: 134 615012570 662747740 0 0
corner: 135 660450130 662747740 0 0
corner: 136 660502320 662754640 0 0
corner: 137 660550960 662774780 0 0
corner: 138 660592770 662806880 0 0
corner: 139 663642640 665856750 0 0
corner: 140 663642640 665856750 0 0
corner: 141 663674680 665898500 0 0
corner: 142 663694820 665947140 0 0
corner: 143 663701720 665999390 0 0
corner: 144 663701720 711250000 0 0
corner: 145 663694820 711302190 0 0
corner: 146 663674680 711350830 0 0
corner: 147 663642640 711392640 0 0
corner: 148 662142640 712892640 0 0
corner: 149 662100830 712924680 0 0
corner: 150 662052190 712944820 0 0
corner: 151 662000000 712951720 0 0
corner: 152 651917110 712951720 0 0
corner: 153 651201720 713667110 0 0
corner: 154 651201720 717832890 0 0
corner: 155 652226200 718857360 0 0
corner: 156 652226200 718857360 0 0
corner: 157 654667110 721298280 0 0
corner: 158 663579770 721298280 0 1
net: "+27V"
area: 1 67 24 2
corner: 1 915298280 691250000 0 0
corner: 2 915298280 569083560 0 0
corner: 3 906166440 559951720 0 0
corner: 4 747000000 559951720 0 0
corner: 5 747000000 559951720 0 0
corner: 6 746947810 559944820 0 0
corner: 7 746899170 559924680 0 0
corner: 8 746857360 559892640 0 0
corner: 9 746857360 559892640 0 0
corner: 10 744416440 557451720 0 0
corner: 11 739333560 557451720 0 0
corner: 12 736892640 559892640 0 0
corner: 13 736850830 559924680 0 0
corner: 14 736802190 559944820 0 0
corner: 15 736750000 559951720 0 0
corner: 16 663451720 559951720 0 0
corner: 17 663451720 560981990 0 0
corner: 18 663451720 568416440 0 0
corner: 19 664035280 569000000 0 0
corner: 20 668014710 569000000 0 0
corner: 21 669773250 567241460 0 0
corner: 22 669773250 565275020 0 0
corner: 23 669780150 565222780 0 0
corner: 24 669800290 565174130 0 0
corner: 25 669832340 565132390 0 0
corner: 26 671607360 563357360 0 0
corner: 27 671607360 563357360 0 0
corner: 28 671649170 563325320 0 0
corner: 29 671697810 563305180 0 0
corner: 30 671750000 563298280 0 0
corner: 31 738250000 563298280 0 0
corner: 32 738302190 563305180 0 0
corner: 33 738350830 563325320 0 0
corner: 34 738392640 563357360 0 0
corner: 35 739833560 564798280 0 0
corner: 36 743916440 564798280 0 0
corner: 37 745357360 563357360 0 0
corner: 38 745399170 563325320 0 0
corner: 39 745419310 563316960 0 0
corner: 40 745447810 563305180 0 0
corner: 41 745500000 563298280 0 0
corner: 42 902250000 563298280 0 0
corner: 43 902302190 563305180 0 0
corner: 44 902350830 563325320 0 0
corner: 45 902392640 563357360 0 0
corner: 46 911892640 572857360 0 0
corner: 47 911924680 572899170 0 0
corner: 48 911933040 572919310 0 0
corner: 49 911944820 572947810 0 0
corner: 50 911951720 573000000 0 0
corner: 51 911951720 685500000 0 0
corner: 52 911951720 685750000 0 0
corner: 53 911951720 685750000 0 0
corner: 54 911944820 685802190 0 0
corner: 55 911924680 685850830 0 0
corner: 56 911892640 685892640 0 0
corner: 57 911892640 685892640 0 0
corner: 58 910392640 687392640 0 0
corner: 59 910350830 687424680 0 0
corner: 60 910302190 687444820 0 0
corner: 61 910250000 687451720 0 0
corner: 62 905035280 687451720 0 0
corner: 63 903951720 688535280 0 0
corner: 64 903951720 688750000 0 0
corner: 65 903951720 691095700 0 0
corner: 66 904237000 691380980 0 0
corner: 67 915298280 691380980 0 1
net: "VCC_L_0V"
area: 1 6 24 2
corner: 1 908346560 743368160 0 0
corner: 2 908346560 724951720 0 0
corner: 3 902001710 724951720 0 0
corner: 4 902001710 742716430 0 0
corner: 5 903833560 744548280 0 0
corner: 6 907166440 744548280 0 1
net: "VCC_H_0V"
area: 1 72 24 2
corner: 1 802048280 724416440 0 0
corner: 2 802048280 666250000 0 0
corner: 3 802055180 666197810 0 0
corner: 4 802075320 666149170 0 0
corner: 5 802107360 666107360 0 0
corner: 6 812228150 655986570 0 0
corner: 7 812228150 655986570 0 0
corner: 8 812251770 655968440 0 0
corner: 9 812269900 655954530 0 0
corner: 10 812290100 655946170 0 0
corner: 11 812318540 655934390 0 0
corner: 12 812370790 655927490 0 0
corner: 13 824379210 655927490 0 0
corner: 14 824431460 655934390 0 0
corner: 15 824480100 655954530 0 0
corner: 16 824521850 655986570 0 0
corner: 17 825892640 657357360 0 0
corner: 18 825892640 657357360 0 0
corner: 19 825924680 657399170 0 0
corner: 20 825944820 657447810 0 0
corner: 21 825951720 657500000 0 0
corner: 22 825951720 657500000 0 0
corner: 23 825951720 658666440 0 0
corner: 24 870392640 703107360 0 0
corner: 25 882642640 715357360 0 0
corner: 26 882674680 715399170 0 0
corner: 27 882694820 715447810 0 0
corner: 28 882701720 715500000 0 0
corner: 29 882701720 724548280 0 0
corner: 30 908346560 724548280 0 0
corner: 31 908346560 724201720 0 0
corner: 32 908346560 710243100 0 0
corner: 33 908346560 708079590 0 0
corner: 34 907468630 707201720 0 0
corner: 35 895750000 707201720 0 0
corner: 36 895750000 707201720 0 0
corner: 37 895750000 707201720 0 0
corner: 38 885960020 707201720 0 0
corner: 39 885907780 707194820 0 0
corner: 40 885859130 707174680 0 0
corner: 41 885817380 707142640 0 0
corner: 42 870567380 691892640 0 0
corner: 43 835107360 656432620 0 0
corner: 44 831376460 652701720 0 0
corner: 45 797886540 652701720 0 0
corner: 46 796951720 653636540 0 0
corner: 47 796951720 690283390 0 0
corner: 48 796951720 690283390 0 0
corner: 49 796944820 690335630 0 0
corner: 50 796924680 690384280 0 0
corner: 51 796892640 690426030 0 0
corner: 52 795176030 692142640 0 0
corner: 53 795134280 692174680 0 0
corner: 54 795085630 692194820 0 0
corner: 55 795033390 692201720 0 0
corner: 56 754583560 692201720 0 0
corner: 57 753263000 693522340 0 0
corner: 58 753263000 695383240 0 0
corner: 59 785634280 695383240 0 0
corner: 60 785686460 695390140 0 0
corner: 61 785735170 695410280 0 0
corner: 62 785776920 695442380 0 0
corner: 63 797392640 707058110 0 0
corner: 64 797392640 707058110 0 0
corner: 65 797424680 707099850 0 0
corner: 66 797430600 707114140 0 0
corner: 67 797444890 707148500 0 0
corner: 68 797451720 707200740 0 0
corner: 69 797451720 707200740 0 0
corner: 70 797451720 723666440 0 0
corner: 71 799083560 725298280 0 0
corner: 72 801166440 725298280 0 1
net: "+3.3V_CPU1"
area: 1 306 24 2
corner: 1 911750000 774464720 0 0
corner: 2 911750000 727798280 0 0
corner: 3 911750000 704566650 0 0
corner: 4 909529660 702346310 0 0
corner: 5 909529660 702346310 0 0
corner: 6 906385070 699201720 0 0
corner: 7 900500000 699201720 0 0
corner: 8 900447810 699194820 0 0
corner: 9 900399170 699174680 0 0
corner: 10 900357360 699142640 0 0
corner: 11 895607360 694392640 0 0
corner: 12 895575320 694350830 0 0
corner: 13 895555180 694302190 0 0
corner: 14 895548280 694250000 0 0
corner: 15 895548280 657000000 0 0
corner: 16 895548280 609258540 0 0
corner: 17 891785100 605495360 0 0
corner: 18 891750000 605500000 0 0
corner: 19 759035280 605500000 0 0
corner: 20 758201720 606333560 0 0
corner: 21 758201720 606750000 0 0
corner: 22 758201720 608100890 0 0
corner: 23 758201720 616666440 0 0
corner: 24 767392640 625857360 0 0
corner: 25 779392640 637857360 0 0
corner: 26 779424680 637899110 0 0
corner: 27 779444820 637947810 0 0
corner: 28 779451720 638000000 0 0
corner: 29 779451720 640553340 0 0
corner: 30 779451720 640553410 0 0
corner: 31 779444820 640605590 0 0
corner: 32 779424680 640654240 0 0
corner: 33 779392640 640696040 0 0
corner: 34 779392640 640696040 0 0
corner: 35 778196040 641892640 0 0
corner: 36 778154240 641924680 0 0
corner: 37 778105590 641944820 0 0
corner: 38 778053410 641951720 0 0
corner: 39 705627440 641951720 0 0
corner: 40 704951720 642627440 0 0
corner: 41 704951720 644902530 0 0
corner: 42 704944820 644954770 0 0
corner: 43 704924680 645003420 0 0
corner: 44 704892640 645045170 0 0
corner: 45 703670170 646267640 0 0
corner: 46 703628420 646299680 0 0
corner: 47 703579770 646319820 0 0
corner: 48 703527530 646326720 0 0
corner: 49 701347470 646326720 0 0
corner: 50 701347470 646326720 0 0
corner: 51 701295230 646319820 0 0
corner: 52 701246580 646299680 0 0
corner: 53 701204830 646267640 0 0
corner: 54 700732360 645795170 0 0
corner: 55 700700320 645753420 0 0
corner: 56 700680180 645704770 0 0
corner: 57 700673280 645652530 0 0
corner: 58 700673280 643421390 0 0
corner: 59 700530640 643278750 0 0
corner: 60 700523250 643269170 0 0
corner: 61 699955870 642701720 0 0
corner: 62 698333560 642701720 0 0
corner: 63 698190920 642844360 0 0
corner: 64 698190920 642844360 0 0
corner: 65 694392640 646642640 0 0
corner: 66 694391110 646643800 0 0
corner: 67 694389950 646645260 0 0
corner: 68 676597720 663790530 0 0
corner: 69 676578060 663804990 0 0
corner: 70 676558590 663819950 0 0
corner: 71 676556880 663820680 0 0
corner: 72 676555360 663821780 0 0
corner: 73 676532590 663830750 0 0
corner: 74 676509950 663840090 0 0
corner: 75 676508120 663840330 0 0
corner: 76 676506350 663841060 0 0
corner: 77 676481930 663843810 0 0
corner: 78 676457760 663846980 0 0
corner: 79 670688290 663846980 0 0
corner: 80 668951720 665583560 0 0
corner: 81 668951720 712750000 0 0
corner: 82 668951720 716413330 0 0
corner: 83 668944820 716465580 0 0
corner: 84 668924680 716514220 0 0
corner: 85 668892640 716556030 0 0
corner: 86 666306030 719142640 0 0
corner: 87 666305970 719142640 0 0
corner: 88 665681030 719767640 0 0
corner: 89 663806030 721642640 0 0
corner: 90 663764220 721674680 0 0
corner: 91 663715580 721694820 0 0
corner: 92 663663330 721701720 0 0
corner: 93 654583560 721701720 0 0
corner: 94 654583560 721701720 0 0
corner: 95 654531370 721694820 0 0
corner: 96 654482670 721674680 0 0
corner: 97 654440920 721642640 0 0
corner: 98 654440920 721642640 0 0
corner: 99 651940920 719142640 0 0
corner: 100 651940920 719142640 0 0
corner: 101 650857360 718059080 0 0
corner: 102 650825320 718017270 0 0
corner: 103 650805180 717968630 0 0
corner: 104 650798280 717916440 0 0
corner: 105 650798280 713583560 0 0
corner: 106 650805180 713531370 0 0
corner: 107 650825320 713482670 0 0
corner: 108 650857360 713440920 0 0
corner: 109 651690920 712607360 0 0
corner: 110 651732670 712575320 0 0
corner: 111 651781370 712555180 0 0
corner: 112 651833560 712548280 0 0
corner: 113 661916440 712548280 0 0
corner: 114 663298280 711166440 0 0
corner: 115 663298280 666082950 0 0
corner: 116 660366580 663151250 0 0
corner: 117 614929020 663151250 0 0
corner: 118 614876830 663144350 0 0
corner: 119 614828190 663124210 0 0
corner: 120 614786380 663092160 0 0
corner: 121 614786380 663092100 0 0
corner: 122 613432680 661738400 0 0
corner: 123 613400570 661696660 0 0
corner: 124 613380430 661648010 0 0
corner: 125 613373600 661595760 0 0
corner: 126 613373600 660296880 0 0
corner: 127 613380430 660244690 0 0
corner: 128 613400570 660196040 0 0
corner: 129 613432680 660154240 0 0
corner: 130 617229550 656357360 0 0
corner: 131 619379270 654207580 0 0
corner: 132 619379270 654207580 0 0
corner: 133 619421080 654175540 0 0
corner: 134 619469730 654155400 0 0
corner: 135 619521910 654148500 0 0
corner: 136 619521970 654148500 0 0
corner: 137 672955260 654148500 0 0
corner: 138 684548280 642890990 0 0
corner: 139 684548280 616875000 0 0
corner: 140 684549800 616863400 0 0
corner: 141 683138120 615451720 0 0
corner: 142 665500000 615451720 0 0
corner: 143 665500000 615451720 0 0
corner: 144 665447810 615444820 0 0
corner: 145 665399170 615424680 0 0
corner: 146 665357360 615392640 0 0
corner: 147 662932680 612967960 0 0
corner: 148 662900570 612926150 0 0
corner: 149 662880430 612877500 0 0
corner: 150 662873600 612825320 0 0
corner: 151 662873600 610973390 0 0
corner: 152 662873600 598860600 0 0
corner: 153 662214720 598201720 0 0
corner: 154 656518250 598201720 0 0
corner: 155 656076720 598643250 0 0
corner: 156 656076720 611706360 0 0
corner: 157 656076720 624791440 0 0
corner: 158 662689760 631404480 0 0
corner: 159 676263000 631404480 0 0
corner: 160 676315190 631411380 0 0
corner: 161 676363830 631431520 0 0
corner: 162 676405640 631463560 0 0
corner: 163 677221250 632279170 0 0
corner: 164 677253300 632320980 0 0
corner: 165 677273500 632369630 0 0
corner: 166 677280330 632421810 0 0
corner: 167 677280330 640761110 0 0
corner: 168 677280330 640761110 0 0
corner: 169 677273500 640813290 0 0
corner: 170 677253300 640861940 0 0
corner: 171 677221250 640903750 0 0
corner: 172 677221250 640903750 0 0
corner: 173 676607360 641517640 0 0
corner: 174 676565550 641549680 0 0
corner: 175 676516910 641569820 0 0
corner: 176 676464720 641576720 0 0
corner: 177 617040470 641576720 0 0
corner: 178 616351200 642266050 0 0
corner: 179 613622190 644995060 0 0
corner: 180 613618530 644999820 0 0
corner: 181 608701720 649916630 0 0
corner: 182 608701720 663072080 0 0
corner: 183 613677920 668048280 0 0
corner: 184 625500000 668048280 0 0
corner: 185 625552190 668055180 0 0
corner: 186 625600830 668075320 0 0
corner: 187 625642640 668107360 0 0
corner: 188 629642640 672107360 0 0
corner: 189 629642640 672107360 0 0
corner: 190 629660770 672130980 0 0
corner: 191 629674680 672149110 0 0
corner: 192 629683040 672169310 0 0
corner: 193 629694820 672197810 0 0
corner: 194 629701720 672250000 0 0
corner: 195 629701720 675250000 0 0
corner: 196 629701720 693750000 0 0
corner: 197 629701720 722728940 0 0
corner: 198 639521060 732548280 0 0
corner: 199 692298280 732548280 0 0
corner: 200 692298280 697751590 0 0
corner: 201 692301450 697727230 0 0
corner: 202 692304260 697702820 0 0
corner: 203 692304930 697701110 0 0
corner: 204 692305180 697699340 0 0
corner: 205 692314510 697676700 0 0
corner: 206 692323550 697653810 0 0
corner: 207 692324650 697652340 0 0
corner: 208 692325320 697650700 0 0
corner: 209 692340270 697631230 0 0
corner: 210 692354860 697611450 0 0
corner: 211 704843440 684674930 0 0
corner: 212 704844850 684673770 0 0
corner: 213 704845950 684672360 0 0
corner: 214 710660950 678857360 0 0
corner: 215 710702700 678825320 0 0
corner: 216 710722840 678816960 0 0
corner: 217 710751340 678805180 0 0
corner: 218 710803590 678798280 0 0
corner: 219 714250000 678798280 0 0
corner: 220 714302190 678805180 0 0
corner: 221 714350830 678825320 0 0
corner: 222 714392640 678857360 0 0
corner: 223 737083560 701548280 0 0
corner: 224 744166440 701548280 0 0
corner: 225 750272340 695442380 0 0
corner: 226 750314150 695410280 0 0
corner: 227 750362790 695390140 0 0
corner: 228 750414980 695383240 0 0
corner: 229 752859500 695383240 0 0
corner: 230 752859500 693438720 0 0
corner: 231 752866390 693386540 0 0
corner: 232 752886540 693337890 0 0
corner: 233 752918640 693296080 0 0
corner: 234 754357360 691857360 0 0
corner: 235 754399170 691825320 0 0
corner: 236 754447810 691805180 0 0
corner: 237 754500000 691798280 0 0
corner: 238 794949830 691798280 0 0
corner: 239 796548280 690199830 0 0
corner: 240 796548280 653552980 0 0
corner: 241 796555180 653500730 0 0
corner: 242 796575320 653452090 0 0
corner: 243 796607360 653410340 0 0
corner: 244 797660340 652357360 0 0
corner: 245 797660340 652357360 0 0
corner: 246 797683960 652339230 0 0
corner: 247 797702090 652325320 0 0
corner: 248 797750730 652305180 0 0
corner: 249 797802980 652298280 0 0
corner: 250 831460020 652298280 0 0
corner: 251 831512210 652305180 0 0
corner: 252 831560850 652325320 0 0
corner: 253 831602660 652357360 0 0
corner: 254 835392640 656147340 0 0
corner: 255 870852660 691607360 0 0
corner: 256 886043580 706798280 0 0
corner: 257 895750000 706798280 0 0
corner: 258 895750000 706798280 0 0
corner: 259 895750000 706798280 0 0
corner: 260 907552190 706798280 0 0
corner: 261 907604430 706805180 0 0
corner: 262 907653080 706825320 0 0
corner: 263 907694820 706857360 0 0
corner: 264 908690920 707853390 0 0
corner: 265 908690920 707853390 0 0
corner: 266 908722960 707895200 0 0
corner: 267 908743100 707943850 0 0
corner: 268 908750000 707996030 0 0
corner: 269 908750000 707996090 0 0
corner: 270 908750000 710243100 0 0
corner: 271 908750000 724750000 0 0
corner: 272 908750000 743451720 0 0
corner: 273 908750000 743451720 0 0
corner: 274 908743100 743503910 0 0
corner: 275 908722960 743552610 0 0
corner: 276 908690920 743594360 0 0
corner: 277 907392640 744892640 0 0
corner: 278 907350830 744924680 0 0
corner: 279 907302190 744944820 0 0
corner: 280 907250000 744951720 0 0
corner: 281 903750000 744951720 0 0
corner: 282 903750000 744951720 0 0
corner: 283 903697810 744944820 0 0
corner: 284 903649170 744924680 0 0
corner: 285 903607360 744892640 0 0
corner: 286 901657350 742942630 0 0
corner: 287 901625310 742900880 0 0
corner: 288 901605160 742852230 0 0
corner: 289 901598270 742799990 0 0
corner: 290 901598270 724951720 0 0
corner: 291 882701720 724951720 0 0
corner: 292 882701720 726250000 0 0
corner: 293 882701720 748125000 0 0
corner: 294 882701720 766000000 0 0
corner: 295 882701720 766000000 0 0
corner: 296 882694820 766052190 0 0
corner: 297 882674680 766100830 0 0
corner: 298 882642640 766142640 0 0
corner: 299 878392640 770392640 0 0
corner: 300 878350830 770424680 0 0
corner: 301 878302190 770444820 0 0
corner: 302 878250000 770451720 0 0
corner: 303 676451720 770451720 0 0
corner: 304 676451720 785916440 0 0
corner: 305 677583560 787048280 0 0
corner: 306 899166440 787048280 0 1
end
