name: "BOTTOM_LINES_ID1914"
units: NM
sel_rect: -254000 -4254000 25654000 -1746000
ref_text: 300000 0 0 0 10000
value_text: 300000 0 0 0 10000
centroid: 0 0 0 0
outline_polyline: 200000 0 -2000000
next_corner: 0 -4000000 0
next_corner: 25400000 -4000000 0
next_corner: 25400000 -2000000 0
close_polyline: 0
text: "IMPORT P-CAD: BOTTOM_LIN..." 1000000 600000 -3400000 0 200000 0 4
outline_polyline: 400000 233375016 101225000
next_corner: 233500008 101350008 0
outline_polyline: 200000 199850008 104475016
next_corner: 200100008 104725000 0
outline_polyline: 200000 211125000 98700024
next_corner: 211274984 98850008 0
outline_polyline: 200000 181749992 127999992
next_corner: 181850008 128100008 0
outline_polyline: 200000 191125000 98700024
next_corner: 191274984 98850008 0
outline_polyline: 200000 176350008 121725000
next_corner: 176350008 122475016 0
outline_polyline: 700000 134274984 218550024
next_corner: 134475016 218350008 0
outline_polyline: 300000 181945016 207725000
next_corner: 182125000 207905000 0
outline_polyline: 200000 209749992 140875000
next_corner: 209774984 140900008 0
outline_polyline: 200000 225274984 120100008
next_corner: 225500008 120325016 0
outline_polyline: 200000 202025000 104725000
next_corner: 202500008 104249992 0
outline_polyline: 200000 185500008 121075016
next_corner: 185749992 120825016 0
outline_polyline: 200000 155345000 108855016
next_corner: 155375000 108885000 0
outline_polyline: 300000 110630040 163195000
next_corner: 110652536 163172504 0
outline_polyline: 1000000 104024984 218399992
next_corner: 104024984 219192904 0
outline_polyline: 300000 74929992 142249992
next_corner: 74949992 142270008 0
outline_polyline: 1000000 225475016 197050008
next_corner: 225500008 197025000 0
outline_polyline: 200000 142855000 168600008
next_corner: 143000008 168455016 0
outline_polyline: 400000 97949992 203550008
next_corner: 98000008 203600008 0
outline_polyline: 500000 211625000 213300024
next_corner: 211625000 214149992 0
outline_polyline: 300000 164975016 180600008
next_corner: 165149992 180775016 0
outline_polyline: 300000 198000008 203450024
next_corner: 198125000 203325016 0
outline_polyline: 200000 158800008 167225000
next_corner: 158875000 167150008 0
outline_polyline: 500000 249299976 213850008
next_corner: 249501448 213648520 0
outline_polyline: 1000000 239749992 198225000
next_corner: 240874984 198225000 0
outline_polyline: 1000000 210626152 197051176
next_corner: 210674984 197002312 0
outline_polyline: 700000 190749992 197999992
next_corner: 191149992 198400008 0
outline_polyline: 300000 100120008 200505000
next_corner: 100215000 200600008 0
outline_polyline: 500000 94024984 199375000
next_corner: 94125000 199475016 0
outline_polyline: 300000 115405768 176425000
next_corner: 115655752 176175016 0
outline_polyline: 300000 73920008 157850008
next_corner: 74045016 157725000 0
outline_polyline: 1000000 113591672 218600008
next_corner: 113649992 218658328 0
outline_polyline: 1000000 157443656 207686344
next_corner: 158229992 208472664 0
outline_polyline: 800000 133625000 98402952
next_corner: 133925000 98102952 0
outline_polyline: 200000 192749992 148850008
next_corner: 192875000 148725000 0
outline_polyline: 800000 122700008 98300008
next_corner: 123060008 97940008 0
outline_polyline: 300000 107500008 168650008
next_corner: 107749992 168650008 0
outline_polyline: 200000 214975016 140850008
next_corner: 215125000 140700024 0
outline_polyline: 300000 209749992 188525000
next_corner: 210000008 188275016 0
outline_polyline: 300000 83549992 171200024
next_corner: 83825000 171475016 0
outline_polyline: 300000 167967496 174807512
next_corner: 168010008 174850008 0
outline_polyline: 300000 167175000 183399304
next_corner: 167250728 183475016 0
outline_polyline: 1000000 201799976 218600008
next_corner: 201899976 218700024 0
outline_polyline: 500000 201549992 214100008
next_corner: 201799976 213850008 0
outline_polyline: 300000 205907496 173537512
next_corner: 206095016 173350008 0
outline_polyline: 800000 88164984 98015000
next_corner: 88375000 98225000 0
outline_polyline: 1000000 118249992 197350008
next_corner: 118375000 197225000 0
outline_polyline: 500000 122675000 214100008
next_corner: 122883336 214100008 0
outline_polyline: 300000 239575016 165820008
next_corner: 239625000 165770008 0
outline_polyline: 300000 237000008 170294312
next_corner: 237219304 170075016 0
outline_polyline: 300000 167350008 216850008
next_corner: 167486536 216986552 0
outline_polyline: 300000 220425000 189225000
next_corner: 220549992 189100008 0
outline_polyline: 300000 227525000 218125000
next_corner: 227525000 218425016 0
outline_polyline: 300000 236725000 218575016
next_corner: 237075016 218225000 0
outline_polyline: 1000000 234405000 208950024
next_corner: 234655016 209200024 0
outline_polyline: 300000 239456232 210681240
next_corner: 239500008 210637512 0
outline_polyline: 700000 189899992 198100008
next_corner: 190274984 198475016 0
outline_polyline: 700000 191149992 198400008
next_corner: 191625000 198400008 0
outline_polyline: 700000 190274984 198475016
next_corner: 190749992 197999992 0
outline_polyline: 300000 93375000 209655000
next_corner: 93425000 209605000 0
outline_polyline: 300000 74000008 192725000
next_corner: 74212136 192937144 0
outline_polyline: 300000 73950744 192675752
next_corner: 74000008 192725000 0
outline_polyline: 300000 77625000 166900008
next_corner: 77649992 166925000 0
outline_polyline: 1000000 79825000 197225000
next_corner: 79899992 197300008 0
outline_polyline: 300000 94000008 213325016
next_corner: 94024984 213350008 0
outline_polyline: 300000 217975016 176400008
next_corner: 218000008 176425000 0
outline_polyline: 300000 213511400 168925000
next_corner: 213568328 168981944 0
outline_polyline: 300000 228535016 179525000
next_corner: 228575016 179485032 0
outline_polyline: 300000 219954984 176425000
next_corner: 220000008 176380008 0
outline_polyline: 300000 222825000 179485032
next_corner: 222912520 179397528 0
outline_polyline: 300000 222912520 176842504
next_corner: 223000008 176755016 0
outline_polyline: 300000 201274984 182900008
next_corner: 201324968 182900008 0
outline_polyline: 1000000 210626152 197051176
next_corner: 210674984 197100008 0
outline_polyline: 1000000 210501160 196828456
next_corner: 210674984 197002312 0
outline_polyline: 300000 164949992 178225000
next_corner: 164962488 178237512 0
outline_polyline: 300000 169174264 171049272
next_corner: 169175000 171050008 0
outline_polyline: 300000 169175000 171050008
next_corner: 169200008 171075016 0
outline_polyline: 300000 102325000 182330360
next_corner: 102419656 182425016 0
outline_polyline: 300000 152162504 177112504
next_corner: 152175000 177125000 0
outline_polyline: 300000 154469992 177525000
next_corner: 154645736 177700744 0
outline_polyline: 300000 152175000 181100008
next_corner: 152249992 181175016 0
outline_polyline: 300000 152000008 182829272
next_corner: 152010376 182839624 0
outline_polyline: 300000 154459624 182839624
next_corner: 154469992 182850008 0
outline_polyline: 300000 156989352 176284376
next_corner: 157005000 176300008 0
outline_polyline: 300000 171779272 183445000
next_corner: 171825000 183399304 0
outline_polyline: 300000 116350008 163100008
next_corner: 116397496 163147496 0
outline_polyline: 300000 113469992 183225000
next_corner: 113469992 183255016 0
outline_polyline: 300000 115375000 176425000
next_corner: 115405768 176425000 0
outline_polyline: 300000 110500008 185800008
next_corner: 110537512 185762520 0
outline_polyline: 300000 124962488 171542504
next_corner: 125000008 171580008 0
outline_polyline: 300000 124925000 164725000
next_corner: 124962488 164762520 0
outline_polyline: 300000 123749992 174800008
next_corner: 123800008 174850008 0
outline_polyline: 300000 126445336 171634664
next_corner: 126500008 171580008 0
outline_polyline: 300000 117812504 176412504
next_corner: 117825000 176425000 0
outline_polyline: 300000 117800008 173800008
next_corner: 117812504 173812504 0
outline_polyline: 300000 123268168 190100008
next_corner: 123325000 190100008 0
outline_polyline: 200000 160375000 109900008
next_corner: 160425000 109850008 0
outline_polyline: 300000 106225016 173825016
next_corner: 106249992 173800008 0
outline_polyline: 500000 234375016 121350008
next_corner: 234525000 121499992 0
outline_polyline: 300000 203785160 184249848
next_corner: 203845000 184190008 0
outline_polyline: 300000 200339992 173487512
next_corner: 200375000 173522504 0
outline_polyline: 300000 193375000 168650008
next_corner: 193399992 168625000 0
outline_polyline: 300000 237000008 171775016
next_corner: 237075016 171850008 0
outline_polyline: 300000 248161704 169025000
next_corner: 248186696 169050008 0
outline_polyline: 1000000 157425000 195975016
next_corner: 157455000 196005000 0
outline_polyline: 300000 107749992 168650008
next_corner: 107774984 168625000 0
outline_polyline: 300000 107500008 166925000
next_corner: 107749992 166925000 0
outline_polyline: 300000 79500008 182880008
next_corner: 79575000 182955016 0
outline_polyline: 300000 198921832 184274680
next_corner: 198946664 184249848 0
outline_polyline: 300000 198898792 182697704
next_corner: 198921832 182674696 0
outline_polyline: 300000 203845000 184190008
next_corner: 203874984 184220008 0
outline_polyline: 300000 203874984 191475016
next_corner: 203874984 192975016 0
outline_polyline: 300000 155350008 141825016
next_corner: 155375000 141850008 0
outline_polyline: 300000 129120424 178047976
next_corner: 129173192 178100744 0
outline_polyline: 300000 171963368 172800008
next_corner: 172038376 172725000 0
outline_polyline: 300000 105899992 164512872
next_corner: 105907864 164505000 0
outline_polyline: 300000 106300008 188174264
next_corner: 106350744 188225000 0
outline_polyline: 300000 106249992 175525000
next_corner: 106375000 175400008 0
outline_polyline: 300000 91875000 163025000
next_corner: 91899992 162999992 0
outline_polyline: 400000 97975016 192975016
next_corner: 98000008 192950024 0
outline_polyline: 1000000 103375000 193850008
next_corner: 103375000 193850008 0
outline_polyline: 1000000 103375000 193850008
next_corner: 103375000 194725000 0
outline_polyline: 300000 104287512 164500392
next_corner: 104300008 164512872 0
outline_polyline: 300000 92249992 171625000
next_corner: 92300008 171575016 0
outline_polyline: 300000 95169992 171575016
next_corner: 95220008 171525000 0
outline_polyline: 200000 105225016 168600008
next_corner: 105350008 168725000 0
outline_polyline: 300000 94825000 145749992
next_corner: 94875000 145700024 0
outline_polyline: 300000 83820008 169725000
next_corner: 83875000 169670024 0
outline_polyline: 300000 75625000 171700024
next_corner: 75700008 171625000 0
outline_polyline: 1000000 225500008 197025000
next_corner: 225575016 197100008 0
outline_polyline: 300000 222625000 186400008
next_corner: 222649992 186425000 0
outline_polyline: 300000 222749992 184800008
next_corner: 222787496 184762520 0
outline_polyline: 300000 224212136 188887880
next_corner: 224249992 188850008 0
outline_polyline: 300000 249174984 185575016
next_corner: 249200008 185550008 0
outline_polyline: 300000 195345000 192525000
next_corner: 195346472 192526472 0
outline_polyline: 300000 203830184 182675208
next_corner: 203845000 182690008 0
outline_polyline: 1000000 206825000 196975016
next_corner: 206834984 196985000 0
outline_polyline: 300000 179725016 153700024
next_corner: 179749992 153725000 0
outline_polyline: 300000 176625000 153675016
next_corner: 176649992 153700024 0
outline_polyline: 300000 176575000 153625000
next_corner: 176625000 153675016 0
outline_polyline: 300000 263825000 197225000
next_corner: 263929992 197120008 0
outline_polyline: 300000 250587496 174362504
next_corner: 250625000 174400008 0
outline_polyline: 300000 200975016 167425000
next_corner: 201000008 167400008 0
outline_polyline: 300000 206988264 165725736
next_corner: 207000008 165737512 0
outline_polyline: 300000 197712488 171887512
next_corner: 197749992 171925000 0
outline_polyline: 200000 192749992 147175016
next_corner: 192799992 147125000 0
outline_polyline: 200000 206937512 165800008
next_corner: 207000008 165737512 0
outline_polyline: 200000 197512504 147212504
next_corner: 197600008 147125000 0
outline_polyline: 200000 197512504 147212504
next_corner: 197512504 147337512 0
outline_polyline: 200000 207625000 147175016
next_corner: 207874984 147425000 0
outline_polyline: 200000 211874984 149100008
next_corner: 211925000 149150008 0
outline_polyline: 200000 218675048 147499976
next_corner: 218749992 147425000 0
outline_polyline: 200000 214368296 147499992
next_corner: 214368360 147499976 0
outline_polyline: 300000 229375016 153725000
next_corner: 229562184 153537832 0
outline_polyline: 200000 225200008 148850008
next_corner: 225249992 148900008 0
outline_polyline: 1000000 257925000 197225000
next_corner: 258000008 197150008 0
outline_polyline: 200000 222032840 111932840
next_corner: 222125000 112025000 0
outline_polyline: 200000 215625000 101025000
next_corner: 215674984 100975016 0
outline_polyline: 200000 211125000 100880008
next_corner: 211125000 101125000 0
outline_polyline: 200000 191125000 100875000
next_corner: 191125000 101125000 0
outline_polyline: 200000 196125000 102875000
next_corner: 196149992 102850008 0
outline_polyline: 200000 196125000 100575016
next_corner: 196125000 100700024 0
outline_polyline: 200000 228799976 130600008
next_corner: 228912520 130600008 0
outline_polyline: 200000 228749992 130550008
next_corner: 228799976 130600008 0
outline_polyline: 300000 232005544 137169464
next_corner: 232075016 137100008 0
outline_polyline: 300000 233649992 137075016
next_corner: 233674984 137100008 0
outline_polyline: 200000 218549992 115350008
next_corner: 218549992 115475016 0
outline_polyline: 200000 186157848 115975016
next_corner: 186507848 115625000 0
outline_polyline: 300000 221500008 126150008
next_corner: 221525000 126125000 0
outline_polyline: 300000 256447400 127277608
next_corner: 256625000 127100008 0
outline_polyline: 300000 256447400 129277608
next_corner: 256625000 129100008 0
outline_polyline: 300000 134000008 161705000
next_corner: 134095000 161800008 0
outline_polyline: 300000 250874280 154175016
next_corner: 250974280 154075016 0
outline_polyline: 200000 176312504 139212504
next_corner: 176375000 139275016 0
outline_polyline: 300000 149175832 99925000
next_corner: 149197896 99902952 0
outline_polyline: 300000 145925000 97975016
next_corner: 145975016 98025000 0
outline_polyline: 300000 132475016 138875000
next_corner: 132500008 138900008 0
outline_polyline: 300000 129029992 138850008
next_corner: 129054984 138875000 0
outline_polyline: 300000 178627528 179805000
next_corner: 178657512 179775016 0
outline_polyline: 300000 230549992 182725000
next_corner: 230585000 182690008 0
outline_polyline: 300000 87800008 143681064
next_corner: 87875000 143756072 0
outline_polyline: 300000 86149992 146761544
next_corner: 86168264 146743272 0
outline_polyline: 300000 77625000 165300008
next_corner: 77649992 165325016 0
outline_polyline: 200000 185375000 111249992
next_corner: 185500008 111249992 0
outline_polyline: 200000 185350008 111225000
next_corner: 185375000 111249992 0
outline_polyline: 300000 80725016 219100008
next_corner: 80749992 219125000 0
outline_polyline: 800000 118399992 97975016
next_corner: 118524984 98100008 0
outline_polyline: 800000 118524984 98100008
next_corner: 118749992 98100008 0
outline_polyline: 300000 185295000 108870008
next_corner: 185375000 108950024 0
outline_polyline: 400000 159200008 122600008
next_corner: 159249992 122650008 0
outline_polyline: 500000 114540024 209379992
next_corner: 114720008 209200024 0
outline_polyline: 700000 105774984 218600008
next_corner: 105930920 218755912 0
outline_polyline: 1000000 104049992 214100008
next_corner: 104049992 214225000 0
outline_polyline: 300000 84720008 209325016
next_corner: 84749992 209355016 0
outline_polyline: 300000 133320008 209100008
next_corner: 133345000 209075016 0
outline_polyline: 500000 132142904 214067912
next_corner: 132175000 214100008 0
outline_polyline: 700000 153825000 217350008
next_corner: 154024984 217550024 0
outline_polyline: 300000 163045000 207600008
next_corner: 163145000 207700024 0
outline_polyline: 300000 172695016 207725000
next_corner: 172720008 207700024 0
outline_polyline: 300000 202820008 208975016
next_corner: 202845000 208950024 0
outline_polyline: 300000 217950024 218495000
next_corner: 218025000 218570008 0
outline_polyline: 300000 212220008 208950024
next_corner: 212274984 209005000 0
outline_polyline: 500000 211625000 214149992
next_corner: 211625000 214425016 0
outline_polyline: 500000 211625000 214425016
next_corner: 211674984 214475016 0
outline_polyline: 1000000 211625000 214149992
next_corner: 211674984 214100008 0
outline_polyline: 300000 259469992 209200024
next_corner: 259601576 209331592 0
outline_polyline: 1000000 235200008 196725000
next_corner: 235249992 196675016 0
outline_polyline: 300000 100734312 133055016
next_corner: 100829320 133150008 0
outline_polyline: 300000 111809992 145210008
next_corner: 111825000 145225000 0
outline_polyline: 300000 215500008 128625000
next_corner: 215749992 128625000 0
outline_polyline: 300000 155287992 143675016
next_corner: 155375000 143588024 0
outline_polyline: 1000000 104024984 219192904
next_corner: 104049992 219217896 0
outline_polyline: 700000 75524984 219225000
next_corner: 75614936 219314952 0
outline_polyline: 800000 100249992 118956488
next_corner: 100655000 118551496 0
outline_polyline: 800000 95575000 118335016
next_corner: 95575000 118403640 0
outline_polyline: 800000 92375000 98100008
next_corner: 92460008 98015000 0
outline_polyline: 400000 126155000 122225000
next_corner: 126230408 122149592 0
outline_polyline: 1000000 73725016 219225000
next_corner: 73774984 219275000 0
outline_polyline: 1000000 73700008 219200024
next_corner: 73725016 219225000 0
outline_polyline: 1000000 73675000 214600008
next_corner: 73700008 214625000 0
outline_polyline: 300000 145220008 132100008
next_corner: 145245000 132125000 0
outline_polyline: 800000 129449992 98499992
next_corner: 129524984 98425000 0
outline_polyline: 800000 129399992 98550008
next_corner: 129449992 98499992 0
outline_polyline: 800000 129449992 98225000
next_corner: 129449992 98499992 0
outline_polyline: 800000 115465000 97940008
next_corner: 115500008 97975016 0
outline_polyline: 300000 248950024 142850008
next_corner: 248962504 142862504 0
outline_polyline: 300000 248950024 145600008
next_corner: 249000008 145550008 0
outline_polyline: 600000 118875000 125725000
next_corner: 118925000 125675016 0
outline_polyline: 600000 118925000 123350008
next_corner: 118962488 123312504 0
outline_polyline: 300000 122212488 131862504
next_corner: 122249992 131825016 0
outline_polyline: 400000 74375000 137950024
next_corner: 74425000 137999992 0
outline_polyline: 1000000 161987496 212450024
next_corner: 162037512 212499992 0
outline_polyline: 1000000 162024984 217350008
next_corner: 162037512 217337496 0
outline_polyline: 1000000 161987496 217387512
next_corner: 162024984 217350008 0
outline_polyline: 1000000 185780008 207700024
next_corner: 185875000 207795016 0
outline_polyline: 300000 160875000 185350008
next_corner: 161155000 185350008 0
outline_polyline: 300000 246500008 202616200
next_corner: 246500008 202950024 0
outline_polyline: 1000000 258299976 214100008
next_corner: 258299976 214225000 0
outline_polyline: 300000 159062504 177837512
next_corner: 159125000 177775016 0
outline_polyline: 300000 157005000 177900008
next_corner: 157067496 177837512 0
outline_polyline: 300000 139537512 173862504
next_corner: 139549992 173850008 0
outline_polyline: 500000 152519992 212769992
next_corner: 152600008 212850008 0
outline_polyline: 1000000 152024984 217350008
next_corner: 152075000 217300024 0
outline_polyline: 1000000 152024984 217350008
next_corner: 152075000 217399992 0
outline_polyline: 1000000 113600008 218450024
next_corner: 113675000 218375000 0
outline_polyline: 1000000 113600008 218450024
next_corner: 113600008 218600008 0
outline_polyline: 400000 122675000 214100008
next_corner: 122800008 214225000 0
outline_polyline: 300000 160300008 108225000
next_corner: 160375000 108300008 0
outline_polyline: 300000 75449992 187850008
next_corner: 75500008 187800008 0
outline_polyline: 300000 119405000 185600008
next_corner: 119459256 185654264 0
outline_polyline: 300000 107749992 182255016
next_corner: 107805464 182310472 0
outline_polyline: 800000 94000008 199350008
next_corner: 94024984 199375000 0
outline_polyline: 700000 151475016 195975016
next_corner: 151475016 196687496 0
outline_polyline: 700000 151175000 196987512
next_corner: 151475016 196687496 0
outline_polyline: 300000 160875000 188350008
next_corner: 161155000 188350008 0
outline_polyline: 300000 153975016 185900008
next_corner: 154000008 185925000 0
outline_polyline: 300000 151462488 185875000
next_corner: 151487496 185900008 0
outline_polyline: 300000 185780008 207425000
next_corner: 185780008 207700024 0
outline_polyline: 300000 154875000 163150008
next_corner: 154897432 163172440 0
outline_polyline: 300000 168000008 186050008
next_corner: 168024984 186025000 0
outline_polyline: 300000 163700008 187725000
next_corner: 163774984 187650008 0
outline_polyline: 300000 208734984 171975016
next_corner: 210840840 171975016 0
outline_polyline: 300000 210840840 171975016
next_corner: 211016616 172150744 0
outline_polyline: 1000000 216029992 208950024
next_corner: 216805000 209725000 0
outline_polyline: 300000 219125000 192525000
next_corner: 219125000 192600008 0
outline_polyline: 300000 218950024 192350008
next_corner: 219125000 192525000 0
outline_polyline: 1000000 254225000 197325016
next_corner: 254325000 197225000 0
outline_polyline: 300000 85500008 185325016
next_corner: 85524984 185350008 0
outline_polyline: 300000 176024984 174930008
next_corner: 183033944 174930008 0
outline_polyline: 300000 183033944 174930008
next_corner: 183500008 175396056 0
outline_polyline: 300000 183500008 175396056
next_corner: 183500008 177775016 0
outline_polyline: 300000 178500008 177877512
next_corner: 178627528 178005000 0
outline_polyline: 300000 181825016 176725000
next_corner: 181875000 176775016 0
outline_polyline: 300000 166245384 172725000
next_corner: 166282888 172687496 0
outline_polyline: 1000000 248475016 218475016
next_corner: 248525000 218425016 0
outline_polyline: 1000000 248525000 217882104
next_corner: 248525000 218425016 0
outline_polyline: 1000000 248525000 217882104
next_corner: 248573192 217833928 0
outline_polyline: 1000000 249399976 214249992
next_corner: 249549992 214100008 0
outline_polyline: 300000 131917496 153550008
next_corner: 131967496 153499992 0
outline_polyline: 300000 134325000 153499992
next_corner: 134375000 153550008 0
outline_polyline: 300000 137200008 153550008
next_corner: 137249992 153600008 0
outline_polyline: 300000 229325000 161175016
next_corner: 229375016 161225000 0
outline_polyline: 300000 132125000 187999992
next_corner: 132149992 187975016 0
outline_polyline: 300000 135393256 186081752
next_corner: 135500008 185975016 0
outline_polyline: 300000 258869992 208600008
next_corner: 259469992 209200024 0
outline_polyline: 300000 239700008 168830008
next_corner: 239720008 168850008 0
outline_polyline: 300000 250062504 180317512
next_corner: 250095016 180350008 0
outline_polyline: 300000 247619432 180285016
next_corner: 247651880 180317512 0
outline_polyline: 400000 196375000 196950024
next_corner: 196399992 196975016 0
outline_polyline: 300000 100705128 182310472
next_corner: 100725016 182330360 0
outline_polyline: 300000 197749992 173525000
next_corner: 197975016 173525000 0
outline_polyline: 300000 197975016 173525000
next_corner: 197993736 173506264 0
outline_polyline: 300000 99899992 200725000
next_corner: 100120008 200505000 0
outline_polyline: 1000000 82875000 197175016
next_corner: 82925000 197225000 0
outline_polyline: 300000 230500008 209045016
next_corner: 230594984 208950024 0
outline_polyline: 1000000 235674984 213950024
next_corner: 235825000 214100008 0
outline_polyline: 500000 249299976 213850008
next_corner: 249549992 214100008 0
outline_polyline: 300000 239500008 210637512
next_corner: 239749992 210637512 0
outline_polyline: 300000 200339992 171887512
next_corner: 200364984 171912504 0
outline_polyline: 300000 202850024 171912504
next_corner: 202874984 171937496 0
outline_polyline: 300000 200321256 173506264
next_corner: 200339992 173487512 0
outline_polyline: 300000 169175000 172650008
next_corner: 169212488 172687496 0
outline_polyline: 300000 243900008 194300008
next_corner: 243950024 194350008 0
outline_polyline: 1000000 217375016 213899992
next_corner: 217575016 214100008 0
outline_polyline: 300000 228850024 187400008
next_corner: 228874984 187375000 0
outline_polyline: 1000000 206655016 208950024
next_corner: 206825000 209120008 0
outline_polyline: 1000000 211674984 214100008
next_corner: 211674984 214475016 0
outline_polyline: 1000000 211674984 213350008
next_corner: 211674984 214100008 0
outline_polyline: 1000000 211625000 213300024
next_corner: 211674984 213350008 0
outline_polyline: 300000 169137512 172687496
next_corner: 169175000 172650008 0
outline_polyline: 300000 172000872 172687496
next_corner: 172038376 172725000 0
outline_polyline: 1000000 216500008 197275016
next_corner: 216529992 197245000 0
outline_polyline: 1000000 186325000 196600008
next_corner: 186375000 196550008 0
outline_polyline: 1000000 176575000 197100008
next_corner: 176749992 196925000 0
outline_polyline: 1000000 176749992 196925000
next_corner: 176750872 196925880 0
outline_polyline: 300000 158875000 165675016
next_corner: 158937496 165737512 0
outline_polyline: 1000000 229925000 218775000
next_corner: 229975016 218725000 0
outline_polyline: 1000000 229925000 218675016
next_corner: 229975016 218725000 0
outline_polyline: 1000000 220841672 218733336
next_corner: 220850024 218725000 0
outline_polyline: 1000000 220841672 218716680
next_corner: 220850024 218725000 0
outline_polyline: 1000000 201799976 213850008
next_corner: 201799976 214100008 0
outline_polyline: 1000000 263280008 209200024
next_corner: 263874984 209795016 0
outline_polyline: 1000000 264049992 213950024
next_corner: 264200008 214100008 0
outline_polyline: 1000000 255335784 213985800
next_corner: 255450024 214100008 0
outline_polyline: 1000000 254280008 209075016
next_corner: 254749992 209545016 0
outline_polyline: 1000000 226591656 213950024
next_corner: 226741672 214100008 0
outline_polyline: 300000 154800008 157725000
next_corner: 154875000 157800008 0
outline_polyline: 1000000 160850008 195725000
next_corner: 160975016 195850008 0
outline_polyline: 1000000 166875000 195850008
next_corner: 166921064 195896072 0
outline_polyline: 1000000 181925000 217025000
next_corner: 181975016 216975016 0
outline_polyline: 700000 142125000 199100008
next_corner: 142444984 199419992 0
outline_polyline: 1000000 187049992 212700024
next_corner: 187200008 212850008 0
outline_polyline: 1000000 176529992 207700024
next_corner: 176869224 208039224 0
outline_polyline: 1000000 177455000 212730008
next_corner: 177575000 212850008 0
outline_polyline: 1000000 166955000 207700024
next_corner: 167250728 207995720 0
outline_polyline: 1000000 167800008 212700024
next_corner: 167949992 212850008 0
outline_polyline: 700000 239749992 198225000
next_corner: 239749992 198475016 0
outline_polyline: 700000 134274984 218350008
next_corner: 134274984 218550024 0
outline_polyline: 300000 110549992 163225000
next_corner: 110625000 163150008 0
outline_polyline: 1000000 109264344 197285656
next_corner: 109325000 197225000 0
outline_polyline: 300000 148749992 203075016
next_corner: 148749992 203575016 0
outline_polyline: 1000000 122800008 218649992
next_corner: 122883336 218566680 0
outline_polyline: 300000 104725016 182279992
next_corner: 104749992 182255016 0
outline_polyline: 300000 104700008 184825016
next_corner: 104725016 184800008 0
outline_polyline: 300000 110175000 159350008
next_corner: 110225016 159400008 0
outline_polyline: 300000 108575000 159100008
next_corner: 108575000 159350008 0
outline_polyline: 300000 108249992 163150008
next_corner: 108325000 163225000 0
outline_polyline: 300000 108200008 156746456
next_corner: 108208552 156755016 0
outline_polyline: 300000 108208552 156755016
next_corner: 108249992 156755016 0
outline_polyline: 300000 108500008 159025000
next_corner: 108575000 159100008 0
outline_polyline: 300000 108325000 156930008
next_corner: 108500008 156755016 0
outline_polyline: 300000 85500008 187125000
next_corner: 85514664 187110360 0
outline_polyline: 300000 98060344 195435352
next_corner: 98225016 195600008 0
outline_polyline: 800000 137155000 209075016
next_corner: 137325000 209245000 0
outline_polyline: 800000 109029992 209175016
next_corner: 109062504 209207512 0
outline_polyline: 800000 119491656 214100008
next_corner: 119549992 214041656 0
outline_polyline: 800000 118529992 209200024
next_corner: 118749992 209420024 0
outline_polyline: 700000 128750472 214067160
next_corner: 128783336 214100008 0
outline_polyline: 300000 77000008 180980344
next_corner: 77000008 181080360 0
outline_polyline: 300000 77000008 180980344
next_corner: 77249992 180730344 0
outline_polyline: 400000 119500008 143499992
next_corner: 119549992 143450024 0
outline_polyline: 300000 74150008 149450024
next_corner: 74175000 149425000 0
outline_polyline: 300000 80350008 146950024
next_corner: 80524984 147125016 0
outline_polyline: 300000 80524984 148925016
next_corner: 80575000 148975016 0
outline_polyline: 400000 76449992 142245000
next_corner: 76449992 142396776 0
outline_polyline: 300000 84831048 143756072
next_corner: 84875000 143800008 0
outline_polyline: 500000 94000008 199600008
next_corner: 94125000 199475016 0
outline_polyline: 500000 88529992 209325016
next_corner: 88700008 209495016 0
outline_polyline: 1000000 88787512 197262520
next_corner: 88825000 197225000 0
outline_polyline: 300000 79249992 209605000
next_corner: 79405000 209450024 0
outline_polyline: 300000 90690824 181673560
next_corner: 90767608 181750344 0
outline_polyline: 300000 88375000 183350344
next_corner: 88413416 183311944 0
outline_polyline: 300000 90652440 183311944
next_corner: 90690824 183273560 0
outline_polyline: 500000 75500008 209295016
next_corner: 75595000 209200024 0
outline_polyline: 300000 74045016 157725000
next_corner: 74125000 157805000 0
outline_polyline: 300000 74125000 153675016
next_corner: 74150008 153650008 0
outline_polyline: 300000 74125000 159405000
next_corner: 74302120 159227880 0
outline_polyline: 200000 155345000 108855016
next_corner: 155375000 108825016 0
outline_polyline: 300000 176625000 157800008
next_corner: 176637992 157787016 0
outline_polyline: 300000 176625000 161537000
next_corner: 176637992 161550008 0
outline_polyline: 300000 199249992 161300008
next_corner: 199249992 161550008 0
outline_polyline: 300000 217125000 159025000
next_corner: 217125000 159075016 0
outline_polyline: 300000 217000008 158900008
next_corner: 217125000 159025000 0
outline_polyline: 300000 217000008 161300008
next_corner: 217125000 161175016 0
outline_polyline: 300000 131867496 155200024
next_corner: 131917496 155150008 0
outline_polyline: 300000 128487496 158712504
next_corner: 128500008 158725000 0
outline_polyline: 300000 89625000 153175016
next_corner: 89649992 153200024 0
outline_polyline: 300000 91850008 153200024
next_corner: 91875000 153225000 0
outline_polyline: 300000 245062504 154237512
next_corner: 245075016 154225000 0
outline_polyline: 300000 246350024 149525000
next_corner: 246375016 149550008 0
outline_polyline: 300000 246375016 149550008
next_corner: 246387496 149537512 0
outline_polyline: 300000 249362504 149537512
next_corner: 249374280 149525752 0
outline_polyline: 300000 249374280 149525752
next_corner: 249375016 149525000 0
outline_polyline: 200000 246325000 151100008
next_corner: 246375016 151150008 0
outline_polyline: 300000 256600008 147075016
next_corner: 256625000 147100008 0
outline_polyline: 300000 244899976 145600008
next_corner: 244950024 145550008 0
outline_polyline: 300000 246549992 145550008
next_corner: 246649992 145649992 0
outline_polyline: 800000 92375000 109025000
next_corner: 92449992 108950024 0
outline_polyline: 300000 108125000 131150008
next_corner: 108149992 131175016 0
outline_polyline: 500000 82800008 214100008
next_corner: 82830872 214069128 0
outline_polyline: 200000 218249992 123525000
next_corner: 218325000 123600008 0
outline_polyline: 800000 180144488 102819736
next_corner: 180299752 102975016 0
outline_polyline: 300000 132370744 128250744
next_corner: 132469992 128350008 0
outline_polyline: 300000 109249992 137225000
next_corner: 109500008 137225000 0
outline_polyline: 1000000 248375016 197050008
next_corner: 248425000 197100008 0
outline_polyline: 1000000 229249992 196675016
next_corner: 229299976 196725000 0
outline_polyline: 1000000 219625000 197050008
next_corner: 219674984 197100008 0
outline_polyline: 1000000 122000008 197175016
next_corner: 122049992 197225000 0
outline_polyline: 300000 228112488 147312504
next_corner: 228125000 147300008 0
outline_polyline: 600000 145000008 106850008
next_corner: 145625000 107475016 0
outline_polyline: 600000 145625000 107475016
next_corner: 145625000 109326104 0
outline_polyline: 600000 145625000 109326104
next_corner: 145625000 112850008 0
outline_polyline: 300000 132549992 133600008
next_corner: 132595000 133645000 0
outline_polyline: 200000 178749992 131675016
next_corner: 178925000 131850008 0
outline_polyline: 200000 172125000 130150008
next_corner: 172175000 130100008 0
outline_polyline: 500000 128949992 141350008
next_corner: 128949992 142350008 0
outline_polyline: 400000 129500008 125249992
next_corner: 129512504 125237512 0
outline_polyline: 400000 131987496 125237512
next_corner: 132000008 125225000 0
outline_polyline: 200000 171625000 120175016
next_corner: 171649992 120150008 0
outline_polyline: 600000 118962488 109637512
next_corner: 119000008 109675016 0
outline_polyline: 600000 113625000 109600008
next_corner: 113662504 109637512 0
outline_polyline: 800000 100249992 122225000
next_corner: 100375000 122350008 0
outline_polyline: 800000 100655000 118335016
next_corner: 100655000 118551496 0
outline_polyline: 800000 130749992 109225000
next_corner: 131000008 109475016 0
outline_polyline: 800000 130749992 109725000
next_corner: 131000008 109475016 0
outline_polyline: 800000 135568536 118260008
next_corner: 135785000 118260008 0
outline_polyline: 800000 135283528 117975016
next_corner: 135568536 118260008 0
outline_polyline: 800000 135218632 117975016
next_corner: 135283528 117975016 0
outline_polyline: 800000 130749992 115225000
next_corner: 130749992 115475016 0
outline_polyline: 800000 130742952 115482072
next_corner: 130749992 115475016 0
outline_polyline: 800000 130705000 118260008
next_corner: 130742952 118222072 0
outline_polyline: 200000 176075000 143475016
next_corner: 176188008 143588024 0
outline_polyline: 200000 187000008 135325016
next_corner: 187125000 135325016 0
outline_polyline: 300000 225249992 147300008
next_corner: 225262504 147312504 0
outline_polyline: 200000 174500008 124275016
next_corner: 174575000 124350008 0
outline_polyline: 200000 178749992 121725000
next_corner: 178937992 121725000 0
outline_polyline: 200000 185749992 118499992
next_corner: 185875000 118375000 0
outline_polyline: 200000 185500008 121075016
next_corner: 185749992 121075016 0
outline_polyline: 200000 180949992 133600008
next_corner: 181075000 133475016 0
outline_polyline: 200000 218425000 110475064
next_corner: 218425064 110474952 0
outline_polyline: 200000 172375000 107270008
next_corner: 172420008 107225000 0
outline_polyline: 500000 133549992 145725000
next_corner: 133600008 145775016 0
outline_polyline: 200000 196125000 100700024
next_corner: 196249992 100825016 0
outline_polyline: 300000 206350024 104725000
next_corner: 206375016 104700024 0
outline_polyline: 200000 201125000 98450024
next_corner: 201149992 98475016 0
outline_polyline: 600000 143000008 109350008
next_corner: 143023896 109326104 0
outline_polyline: 800000 135568536 97940008
next_corner: 135785000 97940008 0
outline_polyline: 800000 135405560 98102952
next_corner: 135568536 97940008 0
outline_polyline: 800000 133625000 98402952
next_corner: 133625000 98425000 0
outline_polyline: 500000 246125000 97550008
next_corner: 246200008 97625000 0
outline_polyline: 500000 246125000 97925000
next_corner: 246174984 97975016 0
outline_polyline: 700000 212649992 218725000
next_corner: 212774984 218725000 0
outline_polyline: 800000 88375000 98100008
next_corner: 88375000 98225000 0
outline_polyline: 300000 198000008 203450024
next_corner: 198125000 203575016 0
outline_polyline: 500000 146249992 203075016
next_corner: 146249992 203575016 0
outline_polyline: 400000 181125000 212850008
next_corner: 181300008 212850008 0
outline_polyline: 400000 181299992 213025000
next_corner: 181299992 214100008 0
outline_polyline: 400000 85375000 118295016
next_corner: 85414984 118335016 0
outline_polyline: 800000 103049992 97975016
next_corner: 103089992 98015000 0
outline_polyline: 300000 250375016 209170024
next_corner: 250469992 209075016 0
outline_polyline: 200000 215125000 140700024
next_corner: 215126184 140698824 0
outline_polyline: 400000 200875000 196975016
next_corner: 200924984 196975016 0
outline_polyline: 300000 244000008 202950024
next_corner: 244000008 203725000 0
outline_polyline: 300000 215500008 126325016
next_corner: 215749992 126325016 0
outline_polyline: 800000 105700008 114550008
next_corner: 105735000 114585000 0
outline_polyline: 200000 187000008 137625000
next_corner: 187125000 137749992 0
outline_polyline: 300000 215475016 126350008
next_corner: 215500008 126325016 0
outline_polyline: 300000 215399976 120350008
next_corner: 215500008 120450024 0
outline_polyline: 200000 188924984 123375000
next_corner: 188950008 123350008 0
outline_polyline: 200000 186149992 126425000
next_corner: 186225016 126350008 0
outline_polyline: 200000 211125000 100749992
next_corner: 211125000 100880008 0
outline_polyline: 200000 211125000 100880008
next_corner: 211154984 100850008 0
outline_polyline: 200000 215125000 140700024
next_corner: 215125000 140825016 0
outline_polyline: 200000 215100008 140850008
next_corner: 215125000 140825016 0
outline_polyline: 400000 98000008 203575016
next_corner: 98100008 203475016 0
n_pins: 0
end