name: "INNERS_LINES_ID1914"
units: NM
sel_rect: -254000 -6254000 25654000 -3746000
ref_text: 300000 0 0 0 10000
value_text: 300000 0 0 0 10000
centroid: 0 0 0 0
outline_polyline: 200000 0 -4000000
next_corner: 0 -6000000 0
next_corner: 25400000 -6000000 0
next_corner: 25400000 -4000000 0
close_polyline: 0
text: "IMPORT P-CAD: INNERS_LIN..." 1000000 600000 -5400000 0 200000 0 4
outline_polyline: 300000 123649992 192200024
next_corner: 126475016 192200024 0
outline_polyline: 500000 267475016 170200024
next_corner: 267475016 170600008 0
outline_polyline: 500000 267475016 170600008
next_corner: 78249992 170600008 0
outline_polyline: 500000 78249992 170600008
next_corner: 78249992 156850008 0
outline_polyline: 500000 78249992 156850008
next_corner: 121375000 156850008 0
outline_polyline: 500000 121375000 156850008
next_corner: 124749992 153475016 0
outline_polyline: 400000 124749992 153475016
next_corner: 168042376 153475016 0
outline_polyline: 400000 168042376 153475016
next_corner: 168749992 111725000 0
outline_polyline: 400000 168749992 111725000
next_corner: 168749992 107975016 0
outline_polyline: 400000 168749992 107975016
next_corner: 170249992 106475016 0
outline_polyline: 400000 170249992 106475016
next_corner: 173536024 106475016 0
outline_polyline: 400000 173536024 106475016
next_corner: 173588232 122350008 0
outline_polyline: 400000 173588232 122350008
next_corner: 178875000 122350008 0
outline_polyline: 400000 178875000 122350008
next_corner: 179749992 123225000 0
outline_polyline: 400000 179749992 123225000
next_corner: 184375000 123225000 0
outline_polyline: 400000 184375000 123225000
next_corner: 185000008 123850008 0
outline_polyline: 400000 185000008 123850008
next_corner: 185000008 123975016 0
outline_polyline: 400000 185000008 123975016
next_corner: 185000008 124225000 0
outline_polyline: 400000 185000008 124225000
next_corner: 185000008 125475016 0
outline_polyline: 400000 185000008 125475016
next_corner: 184000008 126475016 0
outline_polyline: 400000 184000008 126475016
next_corner: 176442744 126475016 0
outline_polyline: 400000 176442744 126475016
next_corner: 173694408 129223352 0
outline_polyline: 400000 173694408 129223352
next_corner: 173694408 144294424 0
outline_polyline: 400000 173694408 144294424
next_corner: 177125000 147725000 0
outline_polyline: 400000 177125000 147725000
next_corner: 182673288 153273288 0
outline_polyline: 400000 182673288 153273288
next_corner: 223923272 153273288 0
outline_polyline: 400000 223923272 153273288
next_corner: 226125000 155475016 0
outline_polyline: 400000 226125000 155475016
next_corner: 226125000 159975016 0
outline_polyline: 400000 226125000 159975016
next_corner: 224125000 161975016 0
outline_polyline: 400000 224125000 161975016
next_corner: 78375000 161974984 0
outline_polyline: 500000 99441784 213350008
next_corner: 137749992 213350008 0
outline_polyline: 500000 137749992 213350008
next_corner: 137749992 197600008 0
outline_polyline: 500000 137749992 197600008
next_corner: 148858760 197600008 0
outline_polyline: 500000 148858760 197600008
next_corner: 149977160 198718392 0
outline_polyline: 500000 149977160 198718392
next_corner: 149977160 210502152 0
outline_polyline: 500000 149977160 210502152
next_corner: 151200008 211725000 0
outline_polyline: 500000 151200008 211725000
next_corner: 180249992 211725000 0
outline_polyline: 500000 180249992 211725000
next_corner: 180249992 195350008 0
outline_polyline: 500000 180249992 195350008
next_corner: 194500008 195350008 0
outline_polyline: 500000 194500008 195350008
next_corner: 194500008 207100008 0
outline_polyline: 500000 194500008 207100008
next_corner: 192625000 208975016 0
outline_polyline: 500000 192625000 208975016
next_corner: 192625000 212350008 0
outline_polyline: 500000 192625000 212350008
next_corner: 195000008 212350008 0
outline_polyline: 500000 195000008 212350008
next_corner: 230500008 212350008 0
outline_polyline: 500000 230500008 212350008
next_corner: 230500008 194952168 0
outline_polyline: 500000 230500008 194952168
next_corner: 244375016 194952168 0
outline_polyline: 500000 244375016 194952168
next_corner: 244375016 213600008 0
outline_polyline: 500000 244375016 213600008
next_corner: 241874984 216100008 0
outline_polyline: 500000 241874984 216100008
next_corner: 235625000 222350008 0
outline_polyline: 500000 235625000 222350008
next_corner: 235625000 229475016 0
outline_polyline: 500000 235625000 229475016
next_corner: 257874408 229475016 0
outline_polyline: 500000 257874408 229475016
next_corner: 260000008 227349416 0
outline_polyline: 500000 260000008 227349416
next_corner: 260000008 225225000 0
outline_polyline: 500000 260000008 225225000
next_corner: 262375016 222850008 0
outline_polyline: 500000 262375016 222850008
next_corner: 266751080 222850008 0
outline_polyline: 500000 266751080 222850008
next_corner: 267500008 222101080 0
outline_polyline: 500000 267500008 222101080
next_corner: 267500008 103350008 0
outline_polyline: 500000 267500008 103350008
next_corner: 265749992 101600008 0
outline_polyline: 500000 265749992 101600008
next_corner: 262375016 101600008 0
outline_polyline: 500000 262375016 101600008
next_corner: 260000008 99225000 0
outline_polyline: 500000 260000008 99225000
next_corner: 260000008 95350008 0
outline_polyline: 500000 260000008 95350008
next_corner: 258125000 93475016 0
outline_polyline: 500000 258125000 93475016
next_corner: 177625000 93475016 0
outline_polyline: 500000 177625000 93475016
next_corner: 176000008 95100008 0
outline_polyline: 500000 176000008 95100008
next_corner: 176000008 98975016 0
outline_polyline: 500000 176000008 98975016
next_corner: 175375000 99600008 0
outline_polyline: 500000 175375000 99600008
next_corner: 167249992 99600008 0
outline_polyline: 500000 167249992 99600008
next_corner: 166375000 98725000 0
outline_polyline: 500000 166375000 98725000
next_corner: 166375000 95350008 0
outline_polyline: 500000 166375000 95350008
next_corner: 164500008 93475016 0
outline_polyline: 500000 164500008 93475016
next_corner: 80249992 93475016 0
outline_polyline: 500000 80249992 93475016
next_corner: 79249992 94475016 0
outline_polyline: 500000 79249992 94475016
next_corner: 79249992 100100008 0
outline_polyline: 500000 79249992 100100008
next_corner: 77875000 101475016 0
outline_polyline: 500000 77875000 101475016
next_corner: 73749992 101475016 0
outline_polyline: 500000 73749992 101475016
next_corner: 71749992 103475016 0
outline_polyline: 500000 71749992 103475016
next_corner: 71749992 221475016 0
outline_polyline: 500000 71749992 221475016
next_corner: 74000008 223725000 0
outline_polyline: 500000 74000008 223725000
next_corner: 78249992 223725000 0
outline_polyline: 500000 78249992 223725000
next_corner: 82125000 227600008 0
outline_polyline: 500000 82125000 227600008
next_corner: 85125000 227600008 0
outline_polyline: 500000 85125000 227600008
next_corner: 85125000 195100008 0
outline_polyline: 500000 85125000 195100008
next_corner: 97095896 195100008 0
outline_polyline: 500000 97095896 195100008
next_corner: 97095896 200237336 0
outline_polyline: 500000 97095896 200237336
next_corner: 97095896 211004120 0
outline_polyline: 500000 97095896 211004120
next_corner: 99441784 213350008 0
outline_polyline: 500000 130619512 93350008
next_corner: 130619512 135730504 0
outline_polyline: 500000 130619512 135730504
next_corner: 124749992 141600008 0
outline_polyline: 500000 124749992 141600008
next_corner: 124749992 153475016 0
outline_polyline: 500000 85000008 227600008
next_corner: 162749992 227600008 0
outline_polyline: 500000 162749992 227600008
next_corner: 168000008 222350008 0
outline_polyline: 500000 168000008 222350008
next_corner: 176000008 222350008 0
outline_polyline: 500000 176000008 222350008
next_corner: 183125000 229475016 0
outline_polyline: 500000 183125000 229475016
next_corner: 235625000 229475016 0
outline_polyline: 400000 169481768 155993240
next_corner: 169749976 155725000 0
outline_polyline: 400000 169749976 155725000
next_corner: 169481768 155993240 0
outline_polyline: 400000 169481768 155993240
next_corner: 169481768 210100008 0
outline_polyline: 400000 169481768 210100008
next_corner: 219000008 210100008 0
outline_polyline: 400000 219000008 210100008
next_corner: 267500008 210100008 0
outline_polyline: 400000 267500008 210100008
next_corner: 267500008 222350008 0
outline_polyline: 400000 267500008 222350008
next_corner: 266749992 223100008 0
outline_polyline: 400000 266749992 223100008
next_corner: 261625000 223100008 0
outline_polyline: 400000 261625000 223100008
next_corner: 260625000 224100008 0
outline_polyline: 400000 260625000 224100008
next_corner: 260625000 228975016 0
outline_polyline: 400000 260625000 228975016
next_corner: 259625000 229975016 0
outline_polyline: 400000 259625000 229975016
next_corner: 178000008 229975016 0
outline_polyline: 400000 178000008 229975016
next_corner: 176000008 227975016 0
outline_polyline: 400000 176000008 227975016
next_corner: 176000008 223725000 0
outline_polyline: 400000 176000008 223725000
next_corner: 175000008 222725000 0
outline_polyline: 400000 175000008 222725000
next_corner: 164749992 222725000 0
outline_polyline: 400000 164749992 222725000
next_corner: 163625000 223849992 0
outline_polyline: 400000 163625000 223849992
next_corner: 163625000 228259880 0
outline_polyline: 400000 163625000 228259880
next_corner: 161534872 230350024 0
outline_polyline: 400000 161534872 230350024
next_corner: 79080008 230350024 0
outline_polyline: 400000 79080008 230350024
next_corner: 78249992 229520008 0
outline_polyline: 400000 78249992 229520008
next_corner: 78249992 224975016 0
outline_polyline: 400000 78249992 224975016
next_corner: 77249992 223975016 0
outline_polyline: 400000 77249992 223975016
next_corner: 73125000 223975016 0
outline_polyline: 400000 73125000 223975016
next_corner: 71249992 222100008 0
outline_polyline: 400000 71249992 222100008
next_corner: 71249992 216225000 0
outline_polyline: 400000 71249992 216225000
next_corner: 94249992 216225000 0
outline_polyline: 400000 94249992 216225000
next_corner: 94249992 212287512 0
outline_polyline: 400000 94249992 212287512
next_corner: 96437496 210100008 0
outline_polyline: 400000 96437496 210100008
next_corner: 116500008 210100008 0
outline_polyline: 400000 116500008 210100008
next_corner: 116500008 154350008 0
outline_polyline: 400000 116500008 154350008
next_corner: 71249992 154349992 0
outline_polyline: 400000 71249992 154349992
next_corner: 71249992 100475016 0
outline_polyline: 400000 71249992 100475016
next_corner: 71875000 99850008 0
outline_polyline: 400000 71875000 99850008
next_corner: 76420008 99850008 0
outline_polyline: 400000 76420008 99850008
next_corner: 77625000 98645016 0
outline_polyline: 400000 77625000 98645016
next_corner: 77625000 94100008 0
outline_polyline: 400000 77625000 94100008
next_corner: 78249992 93475016 0
outline_polyline: 400000 78249992 93475016
next_corner: 164375000 93475016 0
outline_polyline: 400000 164375000 93475016
next_corner: 165875000 94975016 0
outline_polyline: 400000 165875000 94975016
next_corner: 165875000 98225000 0
outline_polyline: 400000 165875000 98225000
next_corner: 167500008 99850008 0
outline_polyline: 400000 167500008 99850008
next_corner: 171749992 99850008 0
outline_polyline: 400000 171749992 99850008
next_corner: 173125000 98475016 0
outline_polyline: 400000 173125000 98475016
next_corner: 173125000 94350008 0
outline_polyline: 400000 173125000 94350008
next_corner: 174125000 93350008 0
outline_polyline: 400000 174125000 93350008
next_corner: 258874984 93350008 0
outline_polyline: 400000 258874984 93350008
next_corner: 260500008 94975016 0
outline_polyline: 400000 260500008 94975016
next_corner: 260500008 98975016 0
outline_polyline: 400000 260500008 98975016
next_corner: 261125000 99600008 0
outline_polyline: 400000 261125000 99600008
next_corner: 266375016 99600008 0
outline_polyline: 400000 266375016 99600008
next_corner: 267505512 100730536 0
outline_polyline: 400000 267505512 100730536
next_corner: 267505512 189717320 0
outline_polyline: 400000 267505512 189717320
next_corner: 267505512 193350008 0
outline_polyline: 400000 267505512 193350008
next_corner: 267500008 210100008 0
outline_polyline: 400000 267375016 170100008
next_corner: 239375016 170100008 0
outline_polyline: 400000 239375016 170100008
next_corner: 236249992 166975016 0
outline_polyline: 400000 236249992 166975016
next_corner: 236249992 134087512 0
outline_polyline: 400000 236249992 134087512
next_corner: 230625000 134087512 0
outline_polyline: 400000 230625000 134087512
next_corner: 230125000 134087512 0
outline_polyline: 400000 230125000 134087512
next_corner: 230125000 147925000 0
outline_polyline: 400000 230125000 147925000
next_corner: 230625000 148425000 0
outline_polyline: 400000 230625000 148425000
next_corner: 230625000 151850008 0
outline_polyline: 400000 230625000 151850008
next_corner: 230625000 154690952 0
outline_polyline: 400000 230625000 154690952
next_corner: 229965928 155350008 0
outline_polyline: 400000 229965928 155350008
next_corner: 170875000 155350008 0
outline_polyline: 400000 170875000 155350008
next_corner: 170500008 155725000 0
outline_polyline: 400000 170500008 155725000
next_corner: 128749992 155725000 0
outline_polyline: 400000 71249992 130850008
next_corner: 71249992 191640072 0
outline_polyline: 400000 71249992 191640072
next_corner: 71249992 216225000 0
outline_polyline: 400000 169749992 210100008
next_corner: 120875000 210100008 0
outline_polyline: 400000 120875000 210100008
next_corner: 120875000 197225000 0
outline_polyline: 400000 120875000 197225000
next_corner: 120875000 190787512 0
outline_polyline: 400000 120875000 190787512
next_corner: 120875000 185600008 0
outline_polyline: 400000 120875000 185600008
next_corner: 120875000 171475016 0
outline_polyline: 400000 120875000 171475016
next_corner: 120875000 158600024 0
outline_polyline: 400000 120875000 158600024
next_corner: 120875000 156475016 0
outline_polyline: 400000 120875000 156475016
next_corner: 121625000 155725000 0
outline_polyline: 400000 121625000 155725000
next_corner: 141125000 155725000 0
outline_polyline: 400000 141125000 155725000
next_corner: 141125000 138225000 0
outline_polyline: 400000 141125000 138225000
next_corner: 142109624 137240392 0
outline_polyline: 400000 142109624 137240392
next_corner: 142109624 132350008 0
outline_polyline: 400000 142109624 132350008
next_corner: 134000008 132350008 0
outline_polyline: 400000 134000008 132350008
next_corner: 120375000 142475016 0
outline_polyline: 400000 120375000 142475016
next_corner: 117625000 142475016 0
outline_polyline: 400000 117625000 142475016
next_corner: 117625000 139269752 0
outline_polyline: 400000 117625000 139269752
next_corner: 133947784 127725000 0
outline_polyline: 400000 133947784 127725000
next_corner: 134000008 124975016 0
outline_polyline: 400000 134000008 124975016
next_corner: 141125000 124975016 0
outline_polyline: 400000 141125000 124975016
next_corner: 141125000 102325016 0
outline_polyline: 400000 141125000 102325016
next_corner: 106000472 102325016 0
outline_polyline: 400000 106000472 102325016
next_corner: 106000472 93600472 0
outline_polyline: 400000 106000472 93600472
next_corner: 105875000 93475016 0
outline_polyline: 300000 219375016 220900584
next_corner: 221625000 220850008 0
outline_polyline: 300000 221625000 220850008
next_corner: 221670024 221399992 0
outline_polyline: 300000 221670024 221399992
next_corner: 222125000 221737272 0
outline_polyline: 300000 222125000 221737272
next_corner: 228375016 221737272 0
outline_polyline: 300000 228375016 221737272
next_corner: 228749992 221350008 0
outline_polyline: 300000 228749992 221350008
next_corner: 228749992 219617496 0
outline_polyline: 300000 228749992 219617496
next_corner: 231125000 219617496 0
outline_polyline: 300000 231125000 219617496
next_corner: 231125000 222600008 0
outline_polyline: 300000 231125000 222600008
next_corner: 229500008 224225000 0
outline_polyline: 300000 229500008 224225000
next_corner: 220874984 224225000 0
outline_polyline: 300000 220874984 224225000
next_corner: 219375016 222725000 0
outline_polyline: 300000 219375016 222725000
next_corner: 219375016 220900584 0
outline_polyline: 300000 181000008 219350008
next_corner: 181500008 219850008 0
outline_polyline: 300000 181500008 219850008
next_corner: 192500008 219850008 0
outline_polyline: 300000 192500008 219850008
next_corner: 193163640 221676392 0
outline_polyline: 300000 193163640 221676392
next_corner: 195249992 221675416 0
outline_polyline: 300000 195249992 221675416
next_corner: 195249992 218100008 0
outline_polyline: 300000 195249992 218100008
next_corner: 194500008 217350008 0
outline_polyline: 300000 194500008 217350008
next_corner: 181375000 217350008 0
outline_polyline: 300000 181375000 217350008
next_corner: 181000008 217725000 0
outline_polyline: 300000 181000008 217725000
next_corner: 181000008 219350008 0
outline_polyline: 300000 121249992 221225000
next_corner: 123749992 221225000 0
outline_polyline: 300000 123749992 221225000
next_corner: 127125000 217850008 0
outline_polyline: 300000 127125000 217850008
next_corner: 146875000 217850008 0
outline_polyline: 300000 146875000 217850008
next_corner: 147375000 218475016 0
outline_polyline: 300000 147375000 218475016
next_corner: 150549992 221725000 0
outline_polyline: 300000 150549992 221725000
next_corner: 153875000 221737272 0
outline_polyline: 300000 153875000 221737272
next_corner: 153875000 219350008 0
outline_polyline: 300000 153875000 219350008
next_corner: 151625000 219350008 0
outline_polyline: 300000 151625000 219350008
next_corner: 147875000 215475016 0
outline_polyline: 300000 147875000 215475016
next_corner: 126125000 215475016 0
outline_polyline: 300000 126125000 215475016
next_corner: 122625000 218975016 0
outline_polyline: 300000 122625000 218975016
next_corner: 121500008 218975016 0
outline_polyline: 300000 121500008 218975016
next_corner: 121249992 219225000 0
outline_polyline: 300000 121249992 219225000
next_corner: 121249992 221225000 0
outline_polyline: 300000 84026296 223100008
next_corner: 137625000 223100008 0
outline_polyline: 300000 137625000 223100008
next_corner: 137625000 220275576 0
outline_polyline: 300000 137625000 220275576
next_corner: 139625000 220275576 0
outline_polyline: 300000 139625000 220275576
next_corner: 140000008 220975016 0
outline_polyline: 300000 140000008 220975016
next_corner: 140000008 224350024 0
outline_polyline: 300000 140000008 224350024
next_corner: 139000024 225350024 0
outline_polyline: 300000 139000024 225350024
next_corner: 136749992 225350024 0
outline_polyline: 300000 136749992 225350024
next_corner: 81875000 225350024 0
outline_polyline: 300000 81875000 225350024
next_corner: 81875000 219617496 0
outline_polyline: 300000 81875000 219617496
next_corner: 84026296 219617496 0
outline_polyline: 300000 84026296 219617496
next_corner: 84026296 223100008 0
outline_polyline: 400000 219000008 155350008
next_corner: 219000008 210100008 0
outline_polyline: 500000 71625000 159350008
next_corner: 75875000 159350008 0
outline_polyline: 500000 75875000 159350008
next_corner: 75625000 159350008 0
outline_polyline: 500000 75625000 159350008
next_corner: 75625000 164350008 0
outline_polyline: 500000 75625000 164350008
next_corner: 75625000 167725000 0
outline_polyline: 500000 75625000 167725000
next_corner: 179267752 167725000 0
outline_polyline: 500000 179267752 167725000
next_corner: 182767752 171225000 0
outline_polyline: 500000 182767752 171225000
next_corner: 194749992 171225000 0
outline_polyline: 500000 194749992 171225000
next_corner: 198249992 167725000 0
outline_polyline: 500000 198249992 167725000
next_corner: 211375016 167725000 0
outline_polyline: 500000 211375016 167725000
next_corner: 215375016 171725000 0
outline_polyline: 500000 215375016 171725000
next_corner: 243749992 171725000 0
outline_polyline: 500000 243749992 171725000
next_corner: 247749992 167725000 0
outline_polyline: 500000 247749992 167725000
next_corner: 264249992 167725000 0
outline_polyline: 500000 264249992 167725000
next_corner: 264749992 167225000 0
outline_polyline: 500000 264749992 167225000
next_corner: 268249992 167225000 0
outline_polyline: 400000 71625000 164350008
next_corner: 71625000 196850008 0
outline_polyline: 300000 77249992 225600008
next_corner: 78374696 225597384 0
outline_polyline: 300000 78374696 225597384
next_corner: 132123592 225472392 0
outline_polyline: 300000 132123592 225472392
next_corner: 135875000 221696872 0
outline_polyline: 300000 135875000 221696872
next_corner: 135875000 219225000 0
outline_polyline: 300000 135875000 219225000
next_corner: 135875000 218975016 0
outline_polyline: 300000 133500008 218975016
next_corner: 133500008 220850536 0
outline_polyline: 300000 133500008 220850536
next_corner: 131374712 222975016 0
outline_polyline: 300000 131374712 222975016
next_corner: 77625000 222975016 0
outline_polyline: 300000 77625000 222975016
next_corner: 76625000 221975016 0
outline_polyline: 300000 76625000 221975016
next_corner: 76625000 220475016 0
outline_polyline: 300000 76625000 220475016
next_corner: 74149992 220506568 0
outline_polyline: 300000 74149992 220506568
next_corner: 74125000 223975016 0
outline_polyline: 300000 106749992 218975016
next_corner: 141962552 218975016 0
outline_polyline: 300000 141962552 218975016
next_corner: 142587544 219600008 0
outline_polyline: 300000 142587544 219600008
next_corner: 142587544 222225000 0
outline_polyline: 300000 142587544 222225000
next_corner: 145143016 222225000 0
outline_polyline: 300000 145143016 222225000
next_corner: 145143016 216350008 0
outline_polyline: 300000 145143016 216350008
next_corner: 141749992 216350008 0
outline_polyline: 300000 141749992 216350008
next_corner: 104000008 216350008 0
outline_polyline: 300000 104000008 216350008
next_corner: 104000008 220394232 0
outline_polyline: 300000 104000008 220394232
next_corner: 104404392 220798616 0
outline_polyline: 300000 104404392 220798616
next_corner: 106749992 220758120 0
outline_polyline: 300000 106749992 220758120
next_corner: 106749992 218975016 0
outline_polyline: 300000 164277208 217100008
next_corner: 166456328 219221416 0
outline_polyline: 300000 166456328 219221416
next_corner: 181939560 219013576 0
outline_polyline: 300000 181939560 219013576
next_corner: 182000008 221975016 0
outline_polyline: 300000 182000008 221975016
next_corner: 156175000 222100008 0
outline_polyline: 300000 156175000 222100008
next_corner: 155625000 221725000 0
outline_polyline: 300000 155625000 221725000
next_corner: 155625000 220475016 0
outline_polyline: 300000 155625000 220475016
next_corner: 155000008 219617496 0
outline_polyline: 300000 155000008 219617496
next_corner: 154000008 219600008 0
outline_polyline: 300000 154000008 219600008
next_corner: 151625000 219600008 0
outline_polyline: 300000 151625000 219600008
next_corner: 151625000 218100008 0
outline_polyline: 300000 151625000 218100008
next_corner: 152625000 217100008 0
outline_polyline: 300000 152625000 217100008
next_corner: 164277208 217100008 0
outline_polyline: 500000 75625000 164350008
next_corner: 230874984 164350008 0
outline_polyline: 500000 230874984 164350008
next_corner: 230874984 159225000 0
outline_polyline: 500000 230874984 159225000
next_corner: 230874984 159350008 0
outline_polyline: 400000 230874984 159350008
next_corner: 230874984 156300008 0
outline_polyline: 400000 230874984 156300008
next_corner: 230299976 155725000 0
outline_polyline: 400000 230299976 155725000
next_corner: 128749992 155725000 0
outline_polyline: 400000 128749992 155725000
next_corner: 128749992 93600008 0
outline_polyline: 400000 75125000 102350008
next_corner: 77749992 99725000 0
outline_polyline: 400000 77749992 99725000
next_corner: 79000008 98475016 0
outline_polyline: 400000 79000008 98475016
next_corner: 79000008 94850008 0
outline_polyline: 400000 79000008 94850008
next_corner: 80249992 93600008 0
outline_polyline: 400000 80249992 93600008
next_corner: 165483608 93600008 0
outline_polyline: 400000 165483608 93600008
next_corner: 166375000 94491400 0
outline_polyline: 400000 166375000 94491400
next_corner: 166375000 98757784 0
outline_polyline: 400000 166375000 98757784
next_corner: 167217224 99600008 0
outline_polyline: 400000 167217224 99600008
next_corner: 167249992 99600008 0
outline_polyline: 400000 167249992 99600008
next_corner: 173000008 99600008 0
outline_polyline: 400000 173000008 99600008
next_corner: 174249992 98350008 0
outline_polyline: 400000 174249992 98350008
next_corner: 174249992 94414360 0
outline_polyline: 400000 174249992 94414360
next_corner: 175689352 92975016 0
outline_polyline: 400000 175689352 92975016
next_corner: 260125000 92975016 0
outline_polyline: 400000 260125000 92975016
next_corner: 261375016 94225000 0
outline_polyline: 400000 261375016 94225000
next_corner: 261375016 98725000 0
outline_polyline: 400000 261375016 98725000
next_corner: 262375016 99725000 0
outline_polyline: 400000 262375016 99725000
next_corner: 266500008 99725000 0
outline_polyline: 400000 266500008 99725000
next_corner: 268249992 101475016 0
outline_polyline: 400000 268249992 101475016
next_corner: 268249992 223600008 0
outline_polyline: 400000 268249992 223600008
next_corner: 267375016 224475016 0
outline_polyline: 400000 267375016 224475016
next_corner: 262500008 224475016 0
outline_polyline: 400000 262500008 224475016
next_corner: 261375016 225600008 0
outline_polyline: 400000 261375016 225600008
next_corner: 261375016 228975016 0
outline_polyline: 400000 261375016 228975016
next_corner: 260000008 230350024 0
outline_polyline: 400000 260000008 230350024
next_corner: 79000008 230350024 0
outline_polyline: 400000 79000008 230350024
next_corner: 78125000 229475016 0
outline_polyline: 400000 78125000 229475016
next_corner: 78125000 226600008 0
outline_polyline: 400000 78125000 226600008
next_corner: 75500008 223975016 0
outline_polyline: 400000 75500008 223975016
next_corner: 72875000 223975016 0
outline_polyline: 400000 72875000 223975016
next_corner: 71625000 222725000 0
outline_polyline: 400000 71625000 222725000
next_corner: 71625000 197975016 0
outline_polyline: 400000 71625000 197975016
next_corner: 71625000 156300008 0
outline_polyline: 400000 71625000 156300008
next_corner: 71625000 156350008 0
outline_polyline: 400000 71625000 156350008
next_corner: 71625016 102350008 0
outline_polyline: 400000 71625016 102350008
next_corner: 75125000 102350008 0
outline_polyline: 400000 96972328 93600008
next_corner: 106000008 93600008 0
outline_polyline: 400000 179249992 117600008
next_corner: 187949992 117600008 0
outline_polyline: 400000 187949992 117600008
next_corner: 189875000 115675016 0
outline_polyline: 400000 189875000 115675016
next_corner: 189875000 108100008 0
outline_polyline: 400000 189875000 108100008
next_corner: 189875000 101648296 0
outline_polyline: 400000 189875000 101648296
next_corner: 201892648 101648296 0
outline_polyline: 400000 201892648 101648296
next_corner: 201892648 103678136 0
outline_polyline: 400000 201892648 103678136
next_corner: 203328136 103678136 0
outline_polyline: 400000 203328136 103678136
next_corner: 208546824 103678136 0
outline_polyline: 400000 208546824 103678136
next_corner: 210749928 101475016 0
outline_polyline: 400000 210749928 101475016
next_corner: 211625000 101475016 0
outline_polyline: 400000 211625000 101475016
next_corner: 213625000 103475016 0
outline_polyline: 400000 213625000 103475016
next_corner: 217874984 103475016 0
outline_polyline: 400000 217874984 103475016
next_corner: 220980456 100369544 0
outline_polyline: 400000 220980456 100369544
next_corner: 226167976 100369544 0
outline_polyline: 400000 226167976 100369544
next_corner: 245500008 100369544 0
outline_polyline: 400000 245500008 100369544
next_corner: 245500008 102975016 0
outline_polyline: 400000 245500008 102975016
next_corner: 233000008 102975016 0
outline_polyline: 400000 233000008 102975016
next_corner: 225000008 102975016 0
outline_polyline: 400000 225000008 102975016
next_corner: 220874984 107100008 0
outline_polyline: 400000 220874984 107100008
next_corner: 220874984 120100008 0
outline_polyline: 400000 220874984 120100008
next_corner: 216529992 124445000 0
outline_polyline: 400000 216529992 124445000
next_corner: 216529992 139070008 0
outline_polyline: 400000 216529992 139070008
next_corner: 215625000 139975016 0
outline_polyline: 400000 215625000 139975016
next_corner: 212307112 139975016 0
outline_polyline: 400000 212307112 139975016
next_corner: 210307112 137975016 0
outline_polyline: 400000 210307112 137975016
next_corner: 209125416 137975016 0
outline_polyline: 400000 209125416 137975016
next_corner: 207125416 139975016 0
outline_polyline: 400000 207125416 139975016
next_corner: 201303976 139975016 0
outline_polyline: 400000 201303976 139975016
next_corner: 193951976 139975016 0
outline_polyline: 400000 193951976 139975016
next_corner: 188300008 139975016 0
outline_polyline: 400000 188300008 139975016
next_corner: 187749992 139425000 0
outline_polyline: 400000 187749992 139425000
next_corner: 187749992 136350008 0
outline_polyline: 400000 187749992 136350008
next_corner: 187749992 122850008 0
outline_polyline: 400000 187749992 122850008
next_corner: 185500008 120600008 0
outline_polyline: 400000 185500008 120600008
next_corner: 179749992 120600008 0
outline_polyline: 400000 179749992 120600008
next_corner: 178749992 119600008 0
outline_polyline: 400000 178749992 119600008
next_corner: 178749992 118100008 0
outline_polyline: 400000 178749992 118100008
next_corner: 179249992 117600008 0
outline_polyline: 400000 75875000 159350008
next_corner: 230874984 159350008 0
outline_polyline: 400000 77875000 149850008
next_corner: 83125000 144600008 0
outline_polyline: 400000 83125000 144600008
next_corner: 85500008 144600008 0
outline_polyline: 400000 85500008 144600008
next_corner: 86625000 143475016 0
outline_polyline: 400000 86625000 143475016
next_corner: 98539704 143475016 0
outline_polyline: 400000 98539704 143475016
next_corner: 99842632 144777944 0
outline_polyline: 400000 99842632 144777944
next_corner: 111375224 144742648 0
outline_polyline: 400000 111375224 144742648
next_corner: 112375000 143742888 0
outline_polyline: 400000 112375000 143742888
next_corner: 112375000 142227400 0
outline_polyline: 400000 112375000 142227400
next_corner: 113971144 140631256 0
outline_polyline: 400000 113971144 140631256
next_corner: 118343752 140631256 0
outline_polyline: 400000 118343752 140631256
next_corner: 120375000 138600008 0
outline_polyline: 400000 120375000 138600008
next_corner: 120375000 136725000 0
outline_polyline: 400000 120375000 136725000
next_corner: 115075000 131425000 0
outline_polyline: 400000 115075000 131425000
next_corner: 108325000 131425000 0
outline_polyline: 400000 108325000 131425000
next_corner: 107274136 130374152 0
outline_polyline: 400000 107274136 130374152
next_corner: 107274136 128200872 0
outline_polyline: 400000 107274136 128200872
next_corner: 107500008 127975016 0
outline_polyline: 400000 107500008 127975016
next_corner: 115416440 127975016 0
outline_polyline: 400000 115416440 127975016
next_corner: 117749992 130308568 0
outline_polyline: 400000 117749992 130308568
next_corner: 118866440 131425000 0
outline_polyline: 400000 118866440 131425000
next_corner: 125625000 131425000 0
outline_polyline: 400000 125625000 131425000
next_corner: 125625000 136350008 0
outline_polyline: 400000 125625000 136350008
next_corner: 114625000 147350008 0
outline_polyline: 400000 114625000 147350008
next_corner: 105000008 147350008 0
outline_polyline: 400000 105000008 147350008
next_corner: 104000008 148350008 0
outline_polyline: 400000 104000008 148350008
next_corner: 86375000 148350008 0
outline_polyline: 400000 86375000 148350008
next_corner: 84125000 150600008 0
outline_polyline: 400000 84125000 150600008
next_corner: 84125000 161100008 0
outline_polyline: 400000 84125000 161100008
next_corner: 83500008 161725000 0
outline_polyline: 400000 83500008 161725000
next_corner: 79375000 161725000 0
outline_polyline: 400000 79375000 161725000
next_corner: 77875000 160225000 0
outline_polyline: 400000 77875000 160225000
next_corner: 77875000 149850008 0
outline_polyline: 400000 103675000 144749992
next_corner: 103675000 144742648 0
outline_polyline: 400000 103675000 144742648
next_corner: 103675000 140999992 0
outline_polyline: 400000 103675000 140999992
next_corner: 96475016 133800008 0
outline_polyline: 400000 96475016 133800008
next_corner: 83517640 133800008 0
outline_polyline: 400000 83517640 133800008
next_corner: 73530216 133800008 0
outline_polyline: 400000 73530216 133800008
next_corner: 73530216 137230216 0
outline_polyline: 400000 73530216 137230216
next_corner: 73825000 137525000 0
outline_polyline: 400000 73825000 137525000
next_corner: 73875000 144600008 0
outline_polyline: 400000 73875000 144600008
next_corner: 73875000 162600008 0
outline_polyline: 400000 73875000 162600008
next_corner: 75875000 164600008 0
outline_polyline: 400000 75875000 164600008
next_corner: 79375016 164575016 0
outline_polyline: 400000 79375016 164575016
next_corner: 85800008 164575016 0
outline_polyline: 400000 85800008 164575016
next_corner: 88625000 161749992 0
outline_polyline: 400000 88625000 161749992
next_corner: 88625000 155032264 0
outline_polyline: 400000 88625000 155032264
next_corner: 88603912 155011176 0
outline_polyline: 400000 88603912 155011176
next_corner: 116264760 155011176 0
outline_polyline: 400000 116264760 155011176
next_corner: 118963848 155011176 0
outline_polyline: 400000 118963848 155011176
next_corner: 134549992 139425000 0
outline_polyline: 400000 134549992 139425000
next_corner: 134549992 124499992 0
outline_polyline: 400000 134549992 124499992
next_corner: 132350008 122700024 0
outline_polyline: 400000 132350008 122700024
next_corner: 108725016 122700024 0
outline_polyline: 400000 108725016 122700024
next_corner: 108725016 122300008 0
outline_polyline: 400000 108725016 122300008
next_corner: 108719096 111925000 0
outline_polyline: 400000 108719096 111925000
next_corner: 92774984 111925000 0
outline_polyline: 400000 92774984 111925000
next_corner: 93024984 121450024 0
outline_polyline: 400000 93024984 121450024
next_corner: 94825000 123325016 0
outline_polyline: 400000 94825000 123325016
next_corner: 101663640 129350008 0
outline_polyline: 400000 101663640 129350008
next_corner: 108511928 135249992 0
outline_polyline: 400000 108511928 135249992
next_corner: 112941448 135249992 0
outline_polyline: 400000 112941448 135249992
next_corner: 114274984 136583576 0
outline_polyline: 400000 114274984 136583576
next_corner: 114274984 137737432 0
outline_polyline: 400000 114274984 137737432
next_corner: 114073272 137939144 0
outline_polyline: 400000 114073272 137939144
next_corner: 114073272 140631256 0
outline_polyline: 400000 114073272 140631256
next_corner: 115486632 140631256 0
outline_polyline: 400000 107583560 127975016
next_corner: 105249992 127975016 0
outline_polyline: 400000 105249992 127975016
next_corner: 102281256 125006264 0
outline_polyline: 400000 102281256 125006264
next_corner: 96875000 119600008 0
outline_polyline: 400000 96875000 119600008
next_corner: 96875000 114225000 0
outline_polyline: 400000 96875000 114225000
next_corner: 104249992 114225000 0
outline_polyline: 400000 104249992 114225000
next_corner: 104249992 120413288 0
outline_polyline: 400000 104249992 120413288
next_corner: 108861720 125025000 0
outline_polyline: 400000 108861720 125025000
next_corner: 123175000 125025000 0
outline_polyline: 400000 123175000 125025000
next_corner: 128274984 130125000 0
outline_polyline: 400000 128274984 130125000
next_corner: 128274984 138950024 0
outline_polyline: 400000 128274984 138950024
next_corner: 116625000 150600008 0
outline_polyline: 400000 116625000 150600008
next_corner: 107375000 150600008 0
outline_polyline: 400000 107375000 150600008
next_corner: 104000008 150600008 0
outline_polyline: 400000 104000008 150600008
next_corner: 104000008 148350008 0
outline_polyline: 400000 104000008 148350008
next_corner: 87375000 148350008 0
outline_polyline: 300000 183886408 220861416
next_corner: 181879496 222868344 0
outline_polyline: 300000 181879496 222868344
next_corner: 178875000 222868344 0
outline_polyline: 300000 178875000 222868344
next_corner: 177249992 221475016 0
outline_polyline: 300000 177249992 221475016
next_corner: 170113528 221588536 0
outline_polyline: 300000 170113528 221588536
next_corner: 169536072 221011080 0
outline_polyline: 300000 169536072 221011080
next_corner: 169536072 219908536 0
outline_polyline: 300000 169536072 219908536
next_corner: 169747880 219696712 0
outline_polyline: 300000 169747880 219696712
next_corner: 169875000 219569608 0
outline_polyline: 300000 169875000 219569608
next_corner: 171292344 219569608 0
outline_polyline: 300000 171292344 219569608
next_corner: 171568792 219846040 0
outline_polyline: 300000 171568792 219846040
next_corner: 177907624 219846040 0
outline_polyline: 300000 177907624 219846040
next_corner: 179468440 221226072 0
outline_polyline: 300000 179468440 221226072
next_corner: 181347400 221226072 0
outline_polyline: 300000 181347400 221226072
next_corner: 182836712 219736728 0
outline_polyline: 300000 182836712 219736728
next_corner: 183909960 220809960 0
outline_polyline: 300000 183909960 220809960
next_corner: 184048744 220506568 0
outline_polyline: 300000 184048744 220506568
next_corner: 184048744 219617496 0
outline_polyline: 300000 184048744 219617496
next_corner: 186125000 219617496 0
outline_polyline: 300000 186125000 219617496
next_corner: 186125000 221975016 0
outline_polyline: 300000 186125000 221975016
next_corner: 182984440 225115560 0
outline_polyline: 300000 182984440 225115560
next_corner: 176525960 225207144 0
outline_polyline: 300000 176525960 225207144
next_corner: 174862760 223732520 0
outline_polyline: 300000 174862760 223732520
next_corner: 165925224 223929704 0
outline_polyline: 300000 165925224 223929704
next_corner: 161241064 219392248 0
outline_polyline: 300000 161241064 219392248
next_corner: 161210360 218100952 0
outline_polyline: 300000 131749992 222492680
next_corner: 131749992 223100008 0
outline_polyline: 300000 131749992 223100008
next_corner: 123827976 223100008 0
outline_polyline: 300000 123827976 223100008
next_corner: 123598696 223350024 0
outline_polyline: 300000 123598696 223350024
next_corner: 113625272 223323688 0
outline_polyline: 300000 113625272 223323688
next_corner: 105875000 223350024 0
outline_polyline: 300000 105875000 223350024
next_corner: 99191224 223350024 0
outline_polyline: 300000 99191224 223350024
next_corner: 98625000 222902376 0
outline_polyline: 300000 98625000 222902376
next_corner: 98625000 220350008 0
outline_polyline: 300000 98625000 220350008
next_corner: 99203512 219771480 0
outline_polyline: 300000 99203512 219771480
next_corner: 110276312 208698696 0
outline_polyline: 300000 110276312 208698696
next_corner: 124617128 208698696 0
outline_polyline: 300000 124617128 208698696
next_corner: 130901304 208698696 0
outline_polyline: 300000 130901304 208698696
next_corner: 201901320 208698696 0
outline_polyline: 300000 201901320 208698696
next_corner: 204039592 206560440 0
outline_polyline: 300000 204039592 206560440
next_corner: 205542376 206560440 0
outline_polyline: 300000 205542376 206560440
next_corner: 243249992 206686536 0
outline_polyline: 300000 243249992 206686536
next_corner: 243249992 215225000 0
outline_polyline: 300000 243249992 215225000
next_corner: 204249992 215225000 0
outline_polyline: 300000 204249992 215225000
next_corner: 201743144 218089960 0
outline_polyline: 300000 201743144 218089960
next_corner: 133625000 218089944 0
outline_polyline: 300000 133625000 218089944
next_corner: 133625000 219350008 0
outline_polyline: 300000 133625000 219350008
next_corner: 133625000 221100008 0
outline_polyline: 300000 133625000 221100008
next_corner: 134749992 222225000 0
outline_polyline: 300000 134749992 222225000
next_corner: 154207848 222225000 0
outline_polyline: 300000 154207848 222225000
next_corner: 156362344 220125000 0
outline_polyline: 300000 156362344 220125000
next_corner: 158077544 220125000 0
outline_polyline: 300000 158077544 220125000
next_corner: 158077544 221622552 0
outline_polyline: 300000 158077544 221622552
next_corner: 159925000 221626312 0
outline_polyline: 300000 159925000 221626312
next_corner: 159985288 218089704 0
outline_polyline: 300000 195500008 208698696
next_corner: 195500008 199785000 0
outline_polyline: 300000 195500008 199785000
next_corner: 103440008 199785000 0
outline_polyline: 300000 103440008 199785000
next_corner: 96375000 206850008 0
outline_polyline: 300000 96375000 206850008
next_corner: 96375000 210850008 0
outline_polyline: 300000 96375000 210850008
next_corner: 89500008 217725000 0
outline_polyline: 300000 89500008 217725000
next_corner: 89500008 222492680 0
outline_polyline: 300000 89500008 222492680
next_corner: 98625000 222492680 0
outline_polyline: 300000 96375000 206850008
next_corner: 85994744 206850008 0
outline_polyline: 300000 85994744 206850008
next_corner: 80944232 212009096 0
outline_polyline: 300000 80944232 212009096
next_corner: 81095576 222492680 0
outline_polyline: 300000 81095576 222492680
next_corner: 88518104 222492680 0
outline_polyline: 300000 88518104 222492680
next_corner: 89500008 222492680 0
outline_polyline: 300000 163412552 218085736
next_corner: 165790984 220464184 0
outline_polyline: 300000 165790984 220464184
next_corner: 169536072 220464184 0
outline_polyline: 300000 133625000 219350008
next_corner: 131749992 219350008 0
outline_polyline: 300000 131749992 219350008
next_corner: 131749992 223111784 0
outline_polyline: 300000 131749992 223111784
next_corner: 132890088 224225000 0
outline_polyline: 300000 132890088 224225000
next_corner: 155582664 224225000 0
outline_polyline: 300000 155582664 224225000
next_corner: 156574872 223190024 0
outline_polyline: 300000 156574872 223190024
next_corner: 158077544 221622552 0
outline_polyline: 400000 79000008 230350024
next_corner: 260375016 230350024 0
outline_polyline: 400000 260375016 230350024
next_corner: 261125000 229475016 0
outline_polyline: 400000 261125000 229475016
next_corner: 261249992 225600008 0
outline_polyline: 400000 261249992 225600008
next_corner: 262625000 224475016 0
outline_polyline: 400000 262625000 224475016
next_corner: 267249992 224475016 0
outline_polyline: 400000 267249992 224475016
next_corner: 268249992 222975016 0
outline_polyline: 400000 268249992 222975016
next_corner: 268249992 101475016 0
outline_polyline: 400000 268249992 101475016
next_corner: 266249992 99725000 0
outline_polyline: 400000 266249992 99725000
next_corner: 262500008 99850008 0
outline_polyline: 400000 262500008 99850008
next_corner: 261249992 98599992 0
outline_polyline: 400000 261249992 98599992
next_corner: 261249992 94725000 0
outline_polyline: 400000 261249992 94725000
next_corner: 259874984 93350008 0
outline_polyline: 400000 259874984 93350008
next_corner: 175000008 93225000 0
outline_polyline: 400000 175000008 93225000
next_corner: 174125000 94350008 0
outline_polyline: 400000 174125000 94350008
next_corner: 174125000 98350008 0
outline_polyline: 400000 174125000 98350008
next_corner: 172625000 99725000 0
outline_polyline: 400000 172625000 99725000
next_corner: 167125000 99600008 0
outline_polyline: 400000 167125000 99600008
next_corner: 166049992 98350008 0
outline_polyline: 400000 166049992 98350008
next_corner: 166125000 94850008 0
outline_polyline: 400000 166125000 94850008
next_corner: 164500008 93475016 0
outline_polyline: 400000 164500008 93475016
next_corner: 80249992 93725000 0
outline_polyline: 400000 80249992 93725000
next_corner: 78875000 94975016 0
outline_polyline: 400000 78875000 94975016
next_corner: 79000008 98725000 0
outline_polyline: 400000 79000008 98725000
next_corner: 75225016 102475016 0
outline_polyline: 400000 75225016 102475016
next_corner: 73749992 102475016 0
outline_polyline: 400000 73749992 102475016
next_corner: 71625000 104225000 0
outline_polyline: 400000 71625000 104225000
next_corner: 71625000 222725000 0
outline_polyline: 400000 71625000 222725000
next_corner: 73000008 223975016 0
outline_polyline: 400000 73000008 223975016
next_corner: 75500008 223975016 0
outline_polyline: 400000 75500008 223975016
next_corner: 78125000 226600008 0
outline_polyline: 400000 78125000 226600008
next_corner: 78125000 229475016 0
outline_polyline: 400000 78125000 229475016
next_corner: 79000008 230350024 0
outline_polyline: 300000 225625000 220350008
next_corner: 225625000 221600008 0
outline_polyline: 300000 225625000 221600008
next_corner: 225600456 221624552 0
outline_polyline: 300000 225600456 221624552
next_corner: 223450024 221624552 0
outline_polyline: 300000 223450024 221624552
next_corner: 223450024 219600008 0
outline_polyline: 300000 223450024 219600008
next_corner: 226125000 216850008 0
outline_polyline: 300000 226125000 216850008
next_corner: 233249992 216850008 0
outline_polyline: 300000 233249992 216850008
next_corner: 245625000 216850008 0
outline_polyline: 300000 245625000 216850008
next_corner: 247125000 218600008 0
outline_polyline: 300000 247125000 218600008
next_corner: 246125000 219725000 0
outline_polyline: 300000 246125000 219725000
next_corner: 246000008 219850008 0
outline_polyline: 300000 246000008 219850008
next_corner: 245070440 219130312 0
outline_polyline: 300000 245070440 219130312
next_corner: 226848264 219130312 0
outline_polyline: 300000 226848264 219130312
next_corner: 225625000 220350008 0
outline_polyline: 300000 227375016 223274984
next_corner: 227574984 223474984 0
outline_polyline: 300000 227574984 223474984
next_corner: 229376296 225225000 0
outline_polyline: 300000 229376296 225225000
next_corner: 254375016 225225000 0
outline_polyline: 300000 254375016 225225000
next_corner: 258249992 221350008 0
outline_polyline: 300000 258249992 221350008
next_corner: 258874984 220475016 0
outline_polyline: 300000 258874984 220475016
next_corner: 257375016 219100008 0
outline_polyline: 300000 257375016 219100008
next_corner: 257125000 219350008 0
outline_polyline: 300000 257125000 219350008
next_corner: 256625000 219850008 0
outline_polyline: 300000 256625000 219850008
next_corner: 253500008 223100008 0
outline_polyline: 300000 253500008 223100008
next_corner: 233249992 223100008 0
outline_polyline: 300000 233249992 223100008
next_corner: 230249992 223100008 0
outline_polyline: 300000 230249992 223100008
next_corner: 229376296 222100008 0
outline_polyline: 300000 229376296 222100008
next_corner: 229375016 220125000 0
outline_polyline: 300000 229375016 220125000
next_corner: 227375016 220100008 0
outline_polyline: 300000 227375016 220100008
next_corner: 227375016 223274984 0
outline_polyline: 200000 196125000 218100008
next_corner: 251249992 218100008 0
outline_polyline: 100000 260625000 227600008
next_corner: 268625000 227600008 0
outline_polyline: 100000 260625000 96600024
next_corner: 268625000 96600024 0
outline_polyline: 100000 165624984 227600008
next_corner: 173625032 227600008 0
outline_polyline: 100000 165624984 96600024
next_corner: 173625032 96600024 0
outline_polyline: 100000 70624984 227600008
next_corner: 78625016 227600008 0
outline_polyline: 100000 70624984 96600024
next_corner: 78625016 96600024 0
outline_polyline: 100000 264625000 223600040
next_corner: 264625000 231600008 0
outline_polyline: 100000 264625000 92599992
next_corner: 264625000 100600024 0
outline_polyline: 100000 169624984 223600040
next_corner: 169624984 231600008 0
outline_polyline: 100000 169624984 92599992
next_corner: 169624984 100600024 0
outline_polyline: 100000 74625016 223600040
next_corner: 74625016 231600008 0
outline_polyline: 100000 74625016 92599992
next_corner: 74625016 100600024 0
outline_polyline: 150000 173624984 227600008
next_corner: 173537576 228431592 0
outline_polyline: 150000 173537576 228431592
next_corner: 173279208 229226856 0
outline_polyline: 150000 173279208 229226856
next_corner: 172861160 229950984 0
outline_polyline: 150000 172861160 229950984
next_corner: 172301688 230572424 0
outline_polyline: 150000 172301688 230572424
next_corner: 171625240 231063944 0
outline_polyline: 150000 171625240 231063944
next_corner: 170861400 231404104 0
outline_polyline: 150000 170861400 231404104
next_corner: 170043528 231578056 0
outline_polyline: 150000 170043528 231578056
next_corner: 169207352 231578152 0
outline_polyline: 150000 169207352 231578152
next_corner: 168390312 231404680 0
outline_polyline: 150000 168390312 231404680
next_corner: 167627112 231065352 0
outline_polyline: 150000 167627112 231065352
next_corner: 166951032 230574888 0
outline_polyline: 150000 166951032 230574888
next_corner: 166391528 229954728 0
outline_polyline: 150000 166391528 229954728
next_corner: 165973016 229231912 0
outline_polyline: 150000 165973016 229231912
next_corner: 165713736 228437928 0
outline_polyline: 150000 165713736 228437928
next_corner: 165624984 227607400 0
outline_polyline: 150000 165624984 227607400
next_corner: 165710648 226776584 0
outline_polyline: 150000 165710648 226776584
next_corner: 165967000 225981640 0
outline_polyline: 150000 165967000 225981640
next_corner: 166382824 225257256 0
outline_polyline: 150000 166382824 225257256
next_corner: 166940024 224635048 0
outline_polyline: 150000 166940024 224635048
next_corner: 167614296 224142088 0
outline_polyline: 150000 167614296 224142088
next_corner: 168376248 223799912 0
outline_polyline: 150000 168376248 223799912
next_corner: 169192632 223623432 0
outline_polyline: 150000 169192632 223623432
next_corner: 170027864 223620360 0
outline_polyline: 150000 170027864 223620360
next_corner: 170844664 223790504 0
outline_polyline: 150000 170844664 223790504
next_corner: 171608392 224126376 0
outline_polyline: 150000 171608392 224126376
next_corner: 172285832 224613384 0
outline_polyline: 150000 172285832 224613384
next_corner: 172847496 225230344 0
outline_polyline: 150000 172847496 225230344
next_corner: 173268968 225950376 0
outline_polyline: 150000 173268968 225950376
next_corner: 173531912 226742184 0
outline_polyline: 150000 173531912 226742184
next_corner: 173624872 227571304 0
outline_polyline: 150000 173624872 227571304
next_corner: 173624984 227600008 0
outline_polyline: 600000 80875000 119100008
next_corner: 110274984 119100008 0
outline_polyline: 600000 110274984 119100008
next_corner: 140149992 119100008 0
outline_polyline: 600000 85625000 135850008
next_corner: 85625000 126350008 0
outline_polyline: 600000 81300008 98675016
next_corner: 110800008 98800008 0
outline_polyline: 600000 110800008 98800008
next_corner: 139925000 98550008 0
outline_polyline: 200000 151849992 224549992
next_corner: 151849992 224549992 0
outline_polyline: 200000 151849992 224549992
next_corner: 151700008 224549992 0
outline_polyline: 200000 151700008 224549992
next_corner: 169799992 242650024 0
outline_polyline: 200000 169799992 242650024
next_corner: 177500008 242650024 0
outline_polyline: 150000 164875000 96350008
next_corner: 164875000 99350008 0
outline_polyline: 150000 164875000 99350008
next_corner: 166375000 100850008 0
outline_polyline: 150000 166375000 100850008
next_corner: 172375000 100850008 0
outline_polyline: 150000 172375000 100850008
next_corner: 173875000 99350008 0
outline_polyline: 150000 173875000 99350008
next_corner: 173875000 96600008 0
outline_polyline: 150000 173875000 96600008
next_corner: 175500008 94850008 0
outline_polyline: 150000 175500008 94850008
next_corner: 258874984 94850008 0
outline_polyline: 150000 258874984 94850008
next_corner: 260375016 96350008 0
outline_polyline: 150000 260375016 96350008
next_corner: 260375016 99350008 0
outline_polyline: 150000 260375016 99350008
next_corner: 261874984 100850008 0
outline_polyline: 150000 261874984 100850008
next_corner: 264874984 100850008 0
outline_polyline: 150000 264874984 100850008
next_corner: 266375016 102350008 0
outline_polyline: 150000 266375016 102350008
next_corner: 266375016 221325016 0
outline_polyline: 150000 266375016 221325016
next_corner: 264874984 222850008 0
outline_polyline: 150000 264874984 222850008
next_corner: 73749992 222850008 0
outline_polyline: 150000 73749992 222850008
next_corner: 72375000 221325016 0
outline_polyline: 150000 72375000 221325016
next_corner: 72375000 101600008 0
outline_polyline: 150000 72375000 101600008
next_corner: 73375000 100850008 0
outline_polyline: 150000 73375000 100850008
next_corner: 76875000 100850008 0
outline_polyline: 150000 76875000 100850008
next_corner: 78375000 99350008 0
outline_polyline: 150000 78375000 99350008
next_corner: 78375000 96350008 0
outline_polyline: 150000 78375000 96350008
next_corner: 79875000 94850008 0
outline_polyline: 150000 79875000 94850008
next_corner: 163375000 94850008 0
outline_polyline: 150000 163375000 94850008
next_corner: 164875000 96350008 0
outline_polyline: 600000 110325000 119225000
next_corner: 110625000 118925000 0
outline_polyline: 600000 110625000 118925000
next_corner: 110625000 99150008 0
outline_polyline: 600000 110625000 99150008
next_corner: 110200008 98725000 0
outline_polyline: 600000 140200008 118175016
next_corner: 140325000 118300008 0
outline_polyline: 600000 140325000 118300008
next_corner: 140200008 118175016 0
outline_polyline: 600000 140200008 118175016
next_corner: 140200008 98600008 0
outline_polyline: 800000 85687496 126150008
next_corner: 85687496 135725000 0
outline_polyline: 800000 95649992 126100008
next_corner: 95649992 135900008 0
outline_polyline: 600000 80875000 98725000
next_corner: 80875000 119100008 0
n_pins: 0
end