name: "TOP_LINES_ID1914"
units: NM
sel_rect: -254000 -2254000 25654000 254000
ref_text: 300000 0 0 0 10000
value_text: 300000 0 0 0 10000
centroid: 0 0 0 0
outline_polyline: 200000 0 0
next_corner: 0 -2000000 0
next_corner: 25400000 -2000000 0
next_corner: 25400000 0 0
close_polyline: 0
text: "IMPORT P-CAD: TOP_LINES...." 1000000 600000 -1400000 0 200000 0 4
outline_polyline: 700000 75249992 209700024
next_corner: 76937496 208012520 0
outline_polyline: 500000 149829944 137925000
next_corner: 149904920 137850008 0
outline_polyline: 400000 139125000 138785528
next_corner: 139249992 138785528 0
outline_polyline: 1000000 141875000 204350008
next_corner: 142000008 204475016 0
outline_polyline: 400000 255925000 100825016
next_corner: 256325000 101225000 0
outline_polyline: 500000 162125000 130675016
next_corner: 162175000 130725000 0
outline_polyline: 400000 161779944 130675016
next_corner: 162125000 130675016 0
outline_polyline: 200000 142480168 141275016
next_corner: 142500008 141294824 0
outline_polyline: 500000 249825000 99475016
next_corner: 250325000 98975016 0
outline_polyline: 300000 99524984 196825016
next_corner: 99724584 197024584 0
outline_polyline: 1000000 263029992 202249992
next_corner: 263375016 201905000 0
outline_polyline: 700000 223249992 207700024
next_corner: 223500008 207950024 0
outline_polyline: 300000 110625000 182065000
next_corner: 110696904 182065000 0
outline_polyline: 700000 119375000 217975016
next_corner: 119625000 217725000 0
outline_polyline: 700000 164925000 206325016
next_corner: 165049992 206450024 0
outline_polyline: 1000000 95125000 204950024
next_corner: 95125000 206975016 0
outline_polyline: 1000000 95125000 206975016
next_corner: 95625000 207475008 0
outline_polyline: 1000000 95625000 207475008
next_corner: 95125000 206975016 0
outline_polyline: 1000000 95125000 206975016
next_corner: 95625000 207475016 0
outline_polyline: 1000000 95625000 207475016
next_corner: 95625000 205975016 0
outline_polyline: 1000000 95625000 205975016
next_corner: 94625000 204975016 0
outline_polyline: 1000000 94625000 204975016
next_corner: 94024984 204975016 0
outline_polyline: 1000000 94024984 204975016
next_corner: 94024984 205551352 0
outline_polyline: 1000000 94024984 205551352
next_corner: 93351336 206225000 0
outline_polyline: 1000000 93351336 206225000
next_corner: 92875000 206225000 0
outline_polyline: 1000000 92875000 206225000
next_corner: 92875000 207475016 0
outline_polyline: 1000000 92875000 207475016
next_corner: 92875000 207475008 0
outline_polyline: 1000000 92875000 207475008
next_corner: 92875000 207475016 0
outline_polyline: 1000000 92875000 207475016
next_corner: 92875000 204700024 0
outline_polyline: 300000 245316616 145851496
next_corner: 245325000 145475016 0
outline_polyline: 700000 89975016 218875000
next_corner: 90375000 218475016 0
outline_polyline: 700000 89625000 218875000
next_corner: 89975016 218875000 0
outline_polyline: 300000 151975016 155050008
next_corner: 152125000 155200024 0
outline_polyline: 700000 103249992 197050008
next_corner: 103375000 197050008 0
outline_polyline: 500000 94000008 200825016
next_corner: 94125000 200950024 0
outline_polyline: 300000 89045000 187505000
next_corner: 89200008 187350008 0
outline_polyline: 300000 127149992 141249992
next_corner: 127249992 141350008 0
outline_polyline: 500000 108875000 226412520
next_corner: 108875000 227475016 0
outline_polyline: 300000 194625000 149025000
next_corner: 194875000 148775016 0
outline_polyline: 300000 247103016 108703016
next_corner: 247149992 108656008 0
outline_polyline: 300000 94225016 192075016
next_corner: 94325000 191974984 0
outline_polyline: 700000 125749992 207950024
next_corner: 125875000 207825016 0
outline_polyline: 500000 73000008 126475016
next_corner: 73024984 126475016 0
outline_polyline: 200000 204125000 140850024
next_corner: 204149992 140875016 0
outline_polyline: 300000 238625000 149214184
next_corner: 238817896 149407080 0
outline_polyline: 200000 197125000 148900008
next_corner: 197249992 149025000 0
outline_polyline: 300000 97725016 196825016
next_corner: 97850008 196950024 0
outline_polyline: 300000 169957496 174850008
next_corner: 170000008 174807512 0
outline_polyline: 700000 232375016 207700024
next_corner: 232625000 207950024 0
outline_polyline: 200000 168987496 118887512
next_corner: 169149992 118725000 0
outline_polyline: 200000 146500008 138660008
next_corner: 146570008 138730008 0
outline_polyline: 500000 190749992 204350008
next_corner: 191875000 204350008 0
outline_polyline: 300000 131988072 177745752
next_corner: 132163816 177570008 0
outline_polyline: 700000 214625000 208040008
next_corner: 214795016 207870008 0
outline_polyline: 200000 160780008 175595016
next_corner: 160780008 175600008 0
outline_polyline: 300000 170525864 183445000
next_corner: 170625000 183544152 0
outline_polyline: 700000 109375000 218125000
next_corner: 109774984 217725000 0
outline_polyline: 700000 109249992 218125000
next_corner: 109375000 218125000 0
outline_polyline: 300000 115125000 194694200
next_corner: 115125000 195747512 0
outline_polyline: 300000 115125000 195747512
next_corner: 115140008 195762520 0
outline_polyline: 300000 116337496 195762520
next_corner: 116375000 195800008 0
outline_polyline: 300000 113905000 195725000
next_corner: 113942504 195762520 0
outline_polyline: 1000000 127757128 202102120
next_corner: 127780008 202125000 0
outline_polyline: 300000 168649992 197105000
next_corner: 168655000 197100008 0
outline_polyline: 300000 128595000 198850008
next_corner: 128597512 198852520 0
outline_polyline: 700000 226125000 212975016
next_corner: 226249992 212850008 0
outline_polyline: 500000 190749992 204850008
next_corner: 190875000 204975016 0
outline_polyline: 1000000 190249992 204850008
next_corner: 190749992 204850008 0
outline_polyline: 1000000 190749992 204850008
next_corner: 191700008 204850008 0
outline_polyline: 500000 190875000 204975016
next_corner: 191825016 204975016 0
outline_polyline: 300000 104375000 184130008
next_corner: 104412504 184167512 0
outline_polyline: 300000 89905752 195955752
next_corner: 90000008 196050008 0
outline_polyline: 300000 74800008 186350008
next_corner: 74925000 186350008 0
outline_polyline: 300000 78825000 177225000
next_corner: 78875000 177275016 0
outline_polyline: 700000 80500008 197900008
next_corner: 80542472 197942456 0
outline_polyline: 300000 212125000 183675016
next_corner: 212405256 183675016 0
outline_polyline: 300000 212125000 185275016
next_corner: 212145352 185254632 0
outline_polyline: 300000 216399976 177700024
next_corner: 216425000 177725000 0
outline_polyline: 300000 214825000 177725000
next_corner: 214887496 177787512 0
outline_polyline: 300000 214874984 180675016
next_corner: 214887496 180662504 0
outline_polyline: 200000 216125000 167900008
next_corner: 216174984 167850008 0
outline_polyline: 200000 220375016 160350008
next_corner: 220463688 160350008 0
outline_polyline: 300000 221845000 201999992
next_corner: 221874984 201970008 0
outline_polyline: 300000 214874984 182945000
next_corner: 214874984 183100008 0
outline_polyline: 300000 214720008 183100008
next_corner: 214874984 182945000 0
outline_polyline: 300000 208299976 188705000
next_corner: 208500008 188505000 0
outline_polyline: 300000 205500008 188505000
next_corner: 205500008 188620008 0
outline_polyline: 300000 230845000 201999992
next_corner: 230874984 201970008 0
outline_polyline: 600000 210524990 194225008
next_corner: 210525000 194225000 0
outline_polyline: 600000 210525000 194225000
next_corner: 210525000 194850856 0
outline_polyline: 600000 209500008 196300008
next_corner: 209525000 196325016 0
outline_polyline: 300000 167649992 167100008
next_corner: 167687496 167062504 0
outline_polyline: 300000 149899992 167845000
next_corner: 150000008 167945000 0
outline_polyline: 300000 150524984 165425000
next_corner: 150575000 165475016 0
outline_polyline: 300000 121412504 175012520
next_corner: 121449992 174975016 0
outline_polyline: 300000 128625000 185070008
next_corner: 128704248 185149272 0
outline_polyline: 300000 128249992 169570008
next_corner: 128285000 169535016 0
outline_polyline: 300000 123000008 172525000
next_corner: 123049992 172575016 0
outline_polyline: 200000 122375000 165800008
next_corner: 122625048 165800008 0
outline_polyline: 300000 107350008 171100008
next_corner: 107372504 171077496 0
outline_polyline: 300000 131719976 163225000
next_corner: 131749992 163195000 0
outline_polyline: 300000 153645000 200875000
next_corner: 153749992 200770008 0
outline_polyline: 300000 192221864 157300008
next_corner: 192246856 157325016 0
outline_polyline: 300000 210874984 192989096
next_corner: 210905000 192989096 0
outline_polyline: 300000 257325000 181850008
next_corner: 257375016 181900008 0
outline_polyline: 300000 249456232 185593752
next_corner: 249500008 185550008 0
outline_polyline: 300000 249500008 185550008
next_corner: 249537512 185512520 0
outline_polyline: 300000 252182504 185512520
next_corner: 252220008 185475016 0
outline_polyline: 300000 228075016 185757992
next_corner: 228625000 185757992 0
outline_polyline: 300000 228625000 185757992
next_corner: 228657992 185725000 0
outline_polyline: 300000 188899992 165975016
next_corner: 189024984 166100008 0
outline_polyline: 300000 188774984 166100008
next_corner: 188899992 165975016 0
outline_polyline: 300000 192049992 153225000
next_corner: 192375000 153225000 0
outline_polyline: 1000000 157455000 200875000
next_corner: 157675000 200655000 0
outline_polyline: 300000 74800008 188725000
next_corner: 74925000 188725000 0
outline_polyline: 300000 73249992 183880008
next_corner: 73325000 183955016 0
outline_polyline: 300000 81675000 189850008
next_corner: 81731192 189906184 0
outline_polyline: 300000 89425000 152850008
next_corner: 89500008 152925000 0
outline_polyline: 300000 170625000 183445000
next_corner: 170625000 183544152 0
outline_polyline: 300000 170625000 183544152
next_corner: 170700872 183620008 0
outline_polyline: 300000 173000008 174820008
next_corner: 173125000 174695016 0
outline_polyline: 300000 171473752 175002744
next_corner: 171668984 174807512 0
outline_polyline: 300000 132125000 187999992
next_corner: 132127144 187997864 0
outline_polyline: 300000 131981224 187856232
next_corner: 132125000 187999992 0
outline_polyline: 300000 130975016 183665000
next_corner: 131041240 183731272 0
outline_polyline: 300000 130975016 182065000
next_corner: 130980008 182070008 0
outline_polyline: 200000 131300008 168600008
next_corner: 131380008 168680008 0
outline_polyline: 200000 119149992 168600008
next_corner: 119225016 168525000 0
outline_polyline: 300000 81807400 179387608
next_corner: 81875000 179320008 0
outline_polyline: 300000 89549992 162850008
next_corner: 89625000 162775016 0
outline_polyline: 300000 77375000 152975016
next_corner: 77816600 152975016 0
outline_polyline: 1000000 225475016 201945000
next_corner: 225529992 201999992 0
outline_polyline: 300000 225749992 184915016
next_corner: 225749992 184945000 0
outline_polyline: 300000 222787496 182387512
next_corner: 222825000 182350008 0
outline_polyline: 300000 222749992 184945000
next_corner: 222787496 184907512 0
outline_polyline: 300000 216375016 182695016
next_corner: 216399976 182720008 0
outline_polyline: 300000 252432488 185512520
next_corner: 252469992 185475016 0
outline_polyline: 300000 202075016 188850008
next_corner: 202125000 188900008 0
outline_polyline: 1000000 206834984 201680008
next_corner: 207154984 201999992 0
outline_polyline: 200000 193625000 168625000
next_corner: 193649992 168600008 0
outline_polyline: 300000 196656168 178400008
next_corner: 199350008 178400008 0
outline_polyline: 300000 198815368 183484632
next_corner: 198825016 183475016 0
outline_polyline: 300000 228749992 177950024
next_corner: 228850024 177850008 0
outline_polyline: 300000 226125000 177950024
next_corner: 226149992 177925000 0
outline_polyline: 300000 247950024 170850008
next_corner: 248049992 170950024 0
outline_polyline: 300000 254655016 178850008
next_corner: 254674984 178830008 0
outline_polyline: 300000 247749992 180400008
next_corner: 247850024 180300008 0
outline_polyline: 200000 192749992 147425000
next_corner: 192749992 147475016 0
outline_polyline: 300000 225475016 148875000
next_corner: 225500008 148900008 0
outline_polyline: 300000 223249992 148900008
next_corner: 223274984 148875000 0
outline_polyline: 200000 241899976 156825016
next_corner: 242000008 156925000 0
outline_polyline: 300000 251625000 145525000
next_corner: 251625000 145850008 0
outline_polyline: 300000 251500008 145999992
next_corner: 251575016 145925000 0
outline_polyline: 300000 238925000 134100008
next_corner: 239000008 134025000 0
outline_polyline: 300000 237825000 154975016
next_corner: 237825000 155100008 0
outline_polyline: 300000 247075016 120825016
next_corner: 247125000 120775016 0
outline_polyline: 200000 176175000 140975016
next_corner: 176549992 141350008 0
outline_polyline: 700000 89600008 214450024
next_corner: 89700008 214450024 0
outline_polyline: 200000 176175000 109850008
next_corner: 176300008 109850008 0
outline_polyline: 200000 199125000 147175016
next_corner: 199249992 147050008 0
outline_polyline: 300000 86100008 177850008
next_corner: 86100008 178050008 0
outline_polyline: 300000 128249992 153725000
next_corner: 128500008 153475016 0
outline_polyline: 200000 176175000 138975016
next_corner: 176549992 139350008 0
outline_polyline: 200000 176300008 116725000
next_corner: 176549992 116975016 0
outline_polyline: 200000 176175000 128225000
next_corner: 176300008 128225000 0
outline_polyline: 200000 143700008 101925000
next_corner: 143749992 101875000 0
outline_polyline: 400000 255925000 97499992
next_corner: 256025000 97600008 0
outline_polyline: 300000 141905000 197600008
next_corner: 141955000 197550008 0
outline_polyline: 300000 144420008 197550008
next_corner: 144469992 197499992 0
outline_polyline: 300000 146453736 197546264
next_corner: 146500008 197592520 0
outline_polyline: 300000 144469992 197499992
next_corner: 144516264 197546264 0
outline_polyline: 300000 91229096 144674104
next_corner: 91249992 144695016 0
outline_polyline: 300000 170675000 162850008
next_corner: 170749992 162775016 0
outline_polyline: 500000 149754936 137850008
next_corner: 149829944 137925000 0
outline_polyline: 200000 146500008 138800008
next_corner: 146570008 138730008 0
outline_polyline: 200000 118962488 137150008
next_corner: 119012504 137100008 0
outline_polyline: 500000 150125000 133225000
next_corner: 150175000 133175016 0
outline_polyline: 300000 94249992 213325016
next_corner: 94274984 213350008 0
outline_polyline: 400000 94249992 215125000
next_corner: 94262504 215112520 0
outline_polyline: 300000 163991144 137158856
next_corner: 164000008 137150008 0
outline_polyline: 200000 174500008 141425000
next_corner: 174575000 141350008 0
outline_polyline: 1000000 234655016 201999992
next_corner: 234966696 201688296 0
outline_polyline: 300000 149717448 142887512
next_corner: 149754936 142850008 0
outline_polyline: 300000 146749992 142925000
next_corner: 146787512 142887512 0
outline_polyline: 300000 150019912 128119912
next_corner: 150125000 128225000 0
outline_polyline: 300000 143749992 121980504
next_corner: 143749992 122025000 0
outline_polyline: 1000000 74125000 218975016
next_corner: 74164216 219014232 0
outline_polyline: 1000000 74749992 221225000
next_corner: 75769448 221225000 0
outline_polyline: 1000000 75769448 221225000
next_corner: 75769450 221225008 0
outline_polyline: 300000 173075000 153300008
next_corner: 173149992 153375000 0
outline_polyline: 300000 253925000 197279992
next_corner: 253980008 197225000 0
outline_polyline: 200000 143700008 109925000
next_corner: 143749992 109975016 0
outline_polyline: 300000 259469992 202249992
next_corner: 259500008 202220008 0
outline_polyline: 200000 181850008 149425000
next_corner: 181875000 149400008 0
outline_polyline: 200000 160155000 178600008
next_corner: 160249992 178695016 0
outline_polyline: 400000 217950024 198185016
next_corner: 217950024 199675016 0
outline_polyline: 300000 147875000 202825016
next_corner: 147875000 202975016 0
outline_polyline: 1000000 152125000 216350008
next_corner: 152249992 216475016 0
outline_polyline: 300000 113905000 198725000
next_corner: 113948904 198725000 0
outline_polyline: 300000 114048904 198825016
next_corner: 114198904 198975016 0
outline_polyline: 300000 113948904 198725000
next_corner: 114048904 198825016 0
outline_polyline: 300000 126375000 195800008
next_corner: 126399992 195825016 0
outline_polyline: 300000 128570008 195825016
next_corner: 128595000 195850008 0
outline_polyline: 200000 150156392 114868632
next_corner: 150175000 114850008 0
outline_polyline: 1000000 260500008 217225000
next_corner: 260625000 217225000 0
outline_polyline: 1000000 260249992 217475016
next_corner: 260500008 217225000 0
outline_polyline: 300000 86688856 190486152
next_corner: 86700008 190475016 0
outline_polyline: 300000 94625000 158350008
next_corner: 94749992 158350008 0
outline_polyline: 300000 121632584 192607592
next_corner: 121749992 192725000 0
outline_polyline: 300000 76247336 183882680
next_corner: 76249992 183880008 0
outline_polyline: 300000 141280008 196100008
next_corner: 141905000 196100008 0
outline_polyline: 300000 141905000 196100008
next_corner: 141948744 196143752 0
outline_polyline: 1000000 141249992 204725000
next_corner: 141625000 204350008 0
outline_polyline: 1000000 141875000 204350008
next_corner: 142125000 204350008 0
outline_polyline: 300000 153220008 195850008
next_corner: 153245000 195825016 0
outline_polyline: 300000 148625000 195025000
next_corner: 148637496 195037512 0
outline_polyline: 300000 150987496 195037512
next_corner: 151000008 195050008 0
outline_polyline: 300000 159035000 185665000
next_corner: 159125000 185755016 0
outline_polyline: 300000 162440008 177160008
next_corner: 162500008 177220008 0
outline_polyline: 300000 160155000 177100008
next_corner: 160215000 177160008 0
outline_polyline: 200000 160485000 175300008
next_corner: 160780008 175595016 0
outline_polyline: 300000 163218248 191631752
next_corner: 163249992 191600008 0
outline_polyline: 300000 203279880 201934872
next_corner: 203345000 201999992 0
outline_polyline: 300000 192149176 197125000
next_corner: 192161656 197137512 0
outline_polyline: 300000 192149176 195650856
next_corner: 192200008 195600008 0
outline_polyline: 400000 219125000 198150008
next_corner: 219187496 198087512 0
outline_polyline: 400000 221312488 198087512
next_corner: 221375016 198025000 0
outline_polyline: 400000 219075016 198100008
next_corner: 219125000 198150008 0
outline_polyline: 300000 249912520 195587512
next_corner: 249950024 195625000 0
outline_polyline: 300000 253925000 195570008
next_corner: 253980008 195625000 0
outline_polyline: 300000 260549992 192275016
next_corner: 260625000 192350008 0
outline_polyline: 300000 258930696 189830712
next_corner: 258950024 189850008 0
outline_polyline: 1000000 254225000 201820008
next_corner: 254405000 201999992 0
outline_polyline: 300000 258775720 196524280
next_corner: 258874984 196425000 0
outline_polyline: 300000 258874984 198025000
next_corner: 258925000 197975016 0
outline_polyline: 500000 242825000 198975016
next_corner: 242837480 198962504 0
outline_polyline: 300000 86125000 179749992
next_corner: 86275736 179900744 0
outline_polyline: 300000 179125000 185825016
next_corner: 179225016 185725000 0
outline_polyline: 300000 173168984 174807512
next_corner: 173337160 174975704 0
outline_polyline: 500000 145375000 202715000
next_corner: 145375000 202825016 0
outline_polyline: 1000000 78480008 202499992
next_corner: 79255000 201725000 0
outline_polyline: 700000 103300008 198700024
next_corner: 103350008 198700024 0
outline_polyline: 700000 103249992 198749992
next_corner: 103300008 198700024 0
outline_polyline: 300000 242537512 165012520
next_corner: 242575016 164975016 0
outline_polyline: 600000 176367256 212232760
next_corner: 176375000 212225000 0
outline_polyline: 300000 152000008 155325016
next_corner: 152125000 155200024 0
outline_polyline: 300000 86677704 190452712
next_corner: 86700008 190475016 0
outline_polyline: 600000 171500008 212225000
next_corner: 171507768 212232760 0
outline_polyline: 300000 120700008 196499992
next_corner: 120749992 196550008 0
outline_polyline: 700000 104332104 213682120
next_corner: 104375000 213725000 0
outline_polyline: 700000 89600008 214450024
next_corner: 89625000 214475016 0
outline_polyline: 700000 89500008 214350008
next_corner: 89600008 214450024 0
outline_polyline: 300000 251725000 180616280
next_corner: 251825000 180716280 0
outline_polyline: 300000 228725000 177925000
next_corner: 228749992 177950024 0
outline_polyline: 300000 178625000 178325016
next_corner: 178700008 178400008 0
outline_polyline: 500000 239325000 214475016
next_corner: 239375016 214525000 0
outline_polyline: 700000 239325000 212975016
next_corner: 239375016 212925016 0
outline_polyline: 700000 223749992 207700024
next_corner: 223874984 207825016 0
outline_polyline: 700000 232625000 207825016
next_corner: 232625000 207950024 0
outline_polyline: 700000 232625000 207825016
next_corner: 232749992 207700024 0
outline_polyline: 700000 261249992 208075016
next_corner: 261375016 207950024 0
outline_polyline: 700000 252328008 207872008
next_corner: 252500008 207700024 0
outline_polyline: 500000 266525000 207700024
next_corner: 266625000 207800008 0
outline_polyline: 1000000 201874984 216975016
next_corner: 202125000 216975016 0
outline_polyline: 1000000 202125000 216975016
next_corner: 202375016 217225000 0
outline_polyline: 500000 194875000 212875000
next_corner: 194899992 212850008 0
outline_polyline: 500000 197350008 212850008
next_corner: 197375000 212875000 0
outline_polyline: 500000 194875000 198825016
next_corner: 194875000 199075016 0
outline_polyline: 700000 214625000 207700024
next_corner: 214795016 207870008 0
outline_polyline: 700000 205249992 207700024
next_corner: 205500008 207950024 0
outline_polyline: 1000000 191825016 204975016
next_corner: 191950008 205100008 0
outline_polyline: 1000000 191700008 204850008
next_corner: 191825016 204975016 0
outline_polyline: 1000000 190000008 205100008
next_corner: 190249992 204850008 0
outline_polyline: 500000 177200008 196850008
next_corner: 177350008 196999992 0
outline_polyline: 1000000 216500008 201970008
next_corner: 216529992 201999992 0
outline_polyline: 1000000 176625000 200600008
next_corner: 176750872 200474120 0
outline_polyline: 200000 159538568 178900008
next_corner: 159838584 178600008 0
outline_polyline: 700000 201749992 212975016
next_corner: 201874984 212975016 0
outline_polyline: 700000 201249992 212475016
next_corner: 201749992 212975016 0
outline_polyline: 1000000 230375016 216975016
next_corner: 230874984 216975016 0
outline_polyline: 1000000 230125000 217225000
next_corner: 230375016 216975016 0
outline_polyline: 1000000 166829992 200875000
next_corner: 166921064 200783944 0
outline_polyline: 300000 170942504 196850008
next_corner: 171000008 196792504 0
outline_polyline: 300000 168655000 197100008
next_corner: 168705000 197150008 0
outline_polyline: 300000 150949992 196700024
next_corner: 151000008 196650008 0
outline_polyline: 300000 151000008 196650008
next_corner: 151049992 196650008 0
outline_polyline: 700000 186125000 212100008
next_corner: 186375000 211850008 0
outline_polyline: 1000000 164925000 206575016
next_corner: 165375000 207025000 0
outline_polyline: 700000 174500008 206575016
next_corner: 175375000 207450024 0
outline_polyline: 1000000 171500008 216225000
next_corner: 171875000 216225000 0
outline_polyline: 1000000 171875000 216225000
next_corner: 172125000 216475016 0
outline_polyline: 1000000 166617976 216225000
next_corner: 166625000 216225000 0
outline_polyline: 1000000 166367976 216475016
next_corner: 166617976 216225000 0
outline_polyline: 700000 155549992 206575016
next_corner: 156249992 207275016 0
outline_polyline: 500000 265500008 213225000
next_corner: 265625000 213350008 0
outline_polyline: 500000 255500008 212975016
next_corner: 255625000 213100008 0
outline_polyline: 700000 255249992 217475016
next_corner: 255625000 217100008 0
outline_polyline: 1000000 250125000 216975016
next_corner: 250625000 216975016 0
outline_polyline: 1000000 249874984 217225000
next_corner: 250125000 216975016 0
outline_polyline: 1000000 161749992 216225000
next_corner: 161987496 216462504 0
outline_polyline: 700000 135125000 207825016
next_corner: 135307816 208007816 0
outline_polyline: 1000000 137029992 202125000
next_corner: 137125000 202029992 0
outline_polyline: 600000 119375000 213475016
next_corner: 119414216 213435784 0
outline_polyline: 700000 138500008 217850008
next_corner: 138625000 217725000 0
outline_polyline: 1000000 133249992 217725000
next_corner: 133749992 217725000 0
outline_polyline: 1000000 133000008 217975016
next_corner: 133249992 217725000 0
outline_polyline: 1000000 123625000 217725000
next_corner: 124125000 217725000 0
outline_polyline: 1000000 123375000 217975016
next_corner: 123625000 217725000 0
outline_polyline: 1000000 108905000 202375000
next_corner: 109125000 202155000 0
outline_polyline: 300000 105095000 202100008
next_corner: 105095000 202375000 0
outline_polyline: 300000 104337496 184167512
next_corner: 104375000 184130008 0
outline_polyline: 500000 195299992 215275000
next_corner: 195375000 215200024 0
outline_polyline: 500000 191774984 215350008
next_corner: 191850008 215275000 0
outline_polyline: 400000 114375000 217725000
next_corner: 114774984 217725000 0
outline_polyline: 400000 104375000 217725000
next_corner: 104625000 217725000 0
outline_polyline: 300000 100125000 203575016
next_corner: 100125000 203766600 0
outline_polyline: 300000 89000008 187350008
next_corner: 89200008 187350008 0
outline_polyline: 500000 107500008 223475016
next_corner: 107573784 223548808 0
outline_polyline: 500000 107500008 223475016
next_corner: 107573784 223401224 0
outline_polyline: 700000 79125000 214575016
next_corner: 79249992 214700024 0
outline_polyline: 700000 79249992 214700024
next_corner: 79249992 214975016 0
outline_polyline: 700000 134875000 208075016
next_corner: 135125000 207825016 0
outline_polyline: 1000000 134500008 223350024
next_corner: 134749992 223100008 0
outline_polyline: 300000 90250024 166350008
next_corner: 90469992 166130008 0
outline_polyline: 300000 90500024 166100008
next_corner: 90975016 166100008 0
outline_polyline: 300000 90469992 166130008
next_corner: 90500024 166100008 0
outline_polyline: 400000 119024984 139675016
next_corner: 119077416 139727416 0
outline_polyline: 300000 85425000 145050008
next_corner: 85500008 144975016 0
outline_polyline: 300000 92749352 144694376
next_corner: 92749992 144695016 0
outline_polyline: 400000 94225016 204925000
next_corner: 95100008 204925000 0
outline_polyline: 1000000 95100008 204925000
next_corner: 95125000 204950024 0
outline_polyline: 300000 99649992 199700024
next_corner: 99724584 199625432 0
outline_polyline: 700000 85225016 214425016
next_corner: 85249992 214450024 0
outline_polyline: 1200000 84522056 218575016
next_corner: 84532104 218564952 0
outline_polyline: 700000 79249992 218975016
next_corner: 79469976 218755032 0
outline_polyline: 300000 85537512 174387512
next_corner: 85575000 174350008 0
outline_polyline: 300000 209274984 168725000
next_corner: 209399976 168600008 0
outline_polyline: 300000 170749992 159025000
next_corner: 170875000 159025000 0
outline_polyline: 300000 117300008 153725000
next_corner: 117325000 153700024 0
outline_polyline: 300000 103837496 158437496
next_corner: 103849272 158449272 0
outline_polyline: 300000 103749992 158350008
next_corner: 103837496 158437496 0
outline_polyline: 300000 106537512 158437496
next_corner: 106625000 158525000 0
outline_polyline: 300000 94575000 158400008
next_corner: 94625000 158350008 0
outline_polyline: 300000 88399992 190475016
next_corner: 88524984 190600008 0
outline_polyline: 200000 251425000 141100008
next_corner: 251500008 141175016 0
outline_polyline: 300000 251500008 145850008
next_corner: 251575016 145925000 0
outline_polyline: 200000 247774984 142775016
next_corner: 247799976 142749992 0
outline_polyline: 200000 247749992 142775016
next_corner: 247774984 142775016 0
outline_polyline: 300000 94225016 192075016
next_corner: 94325000 192175016 0
outline_polyline: 300000 84625000 156275752
next_corner: 84800744 156100008 0
outline_polyline: 300000 151975016 155050008
next_corner: 152000008 155025000 0
outline_polyline: 300000 154625000 119800008
next_corner: 154749992 119675016 0
outline_polyline: 200000 152249992 120050008
next_corner: 152399992 120050008 0
outline_polyline: 200000 152500008 120050008
next_corner: 152549992 120100008 0
outline_polyline: 200000 152399992 120050008
next_corner: 152449992 120100008 0
outline_polyline: 200000 152449992 120100008
next_corner: 152500008 120050008 0
outline_polyline: 300000 157331016 120362504
next_corner: 157343544 120350008 0
outline_polyline: 400000 103024984 168600008
next_corner: 103036056 168588952 0
outline_polyline: 200000 160375000 106975016
next_corner: 160399992 106950024 0
outline_polyline: 200000 163325000 103225000
next_corner: 163375000 103275016 0
outline_polyline: 200000 163375000 101675016
next_corner: 163375000 101800008 0
outline_polyline: 200000 162125000 125725000
next_corner: 162182856 125667160 0
outline_polyline: 300000 142725064 135075080
next_corner: 142749992 135100008 0
outline_polyline: 400000 150112504 129487512
next_corner: 150125000 129475016 0
outline_polyline: 200000 170375000 133400008
next_corner: 170449992 133400008 0
outline_polyline: 300000 115000008 141175016
next_corner: 115075000 141100008 0
outline_polyline: 200000 148549992 114825016
next_corner: 148575000 114850008 0
outline_polyline: 300000 149742312 140362632
next_corner: 149754936 140350008 0
outline_polyline: 300000 146249992 140375272
next_corner: 146262632 140362632 0
outline_polyline: 200000 146875000 112650008
next_corner: 146949992 112725000 0
outline_polyline: 300000 117393752 139643752
next_corner: 117425000 139675016 0
outline_polyline: 300000 117362504 137150008
next_corner: 117393752 137181256 0
outline_polyline: 300000 114975016 142749992
next_corner: 115000008 142775016 0
outline_polyline: 300000 89697496 141472504
next_corner: 89700008 141475016 0
outline_polyline: 300000 89695016 138725000
next_corner: 89697496 138727512 0
outline_polyline: 300000 89725016 144670024
next_corner: 89749992 144695016 0
outline_polyline: 300000 89700008 141475016
next_corner: 89725016 141499992 0
outline_polyline: 300000 86875000 139725000
next_corner: 86925000 139775016 0
outline_polyline: 300000 86100008 178050008
next_corner: 86125000 178075016 0
outline_polyline: 200000 170200008 129475016
next_corner: 170249992 129475016 0
outline_polyline: 200000 168875000 118775016
next_corner: 168987496 118887512 0
outline_polyline: 200000 170189960 124550008
next_corner: 170249992 124550008 0
outline_polyline: 200000 170114936 124475016
next_corner: 170189960 124550008 0
outline_polyline: 200000 197125000 148775016
next_corner: 197249992 148775016 0
outline_polyline: 200000 197125000 148900008
next_corner: 197249992 148775016 0
outline_polyline: 1000000 194125000 223350024
next_corner: 194249992 223475016 0
outline_polyline: 700000 231249992 223475016
next_corner: 231264936 223460072 0
outline_polyline: 200000 160325000 101925000
next_corner: 160375000 101975016 0
outline_polyline: 200000 161769064 133405928
next_corner: 162000008 133175016 0
outline_polyline: 300000 127249992 141150008
next_corner: 127325000 141225000 0
outline_polyline: 400000 233474952 104599944
next_corner: 233500008 104625000 0
outline_polyline: 200000 181800008 107575016
next_corner: 181825000 107600008 0
outline_polyline: 200000 194875000 147425000
next_corner: 194875000 147475016 0
outline_polyline: 200000 199249992 147050008
next_corner: 199249992 147175016 0
outline_polyline: 200000 161769064 135500904
next_corner: 161818184 135550008 0
outline_polyline: 300000 238625000 149600008
next_corner: 238817896 149407080 0
outline_polyline: 300000 127149992 141249992
next_corner: 127249992 141150008 0
outline_polyline: 300000 124749992 145875000
next_corner: 124774984 145900008 0
outline_polyline: 300000 239649992 107225000
next_corner: 239684520 107190504 0
outline_polyline: 300000 239684520 107190504
next_corner: 247149992 107190504 0
outline_polyline: 300000 247103016 108703016
next_corner: 247125000 108725000 0
outline_polyline: 300000 251575016 145475016
next_corner: 251625000 145525000 0
outline_polyline: 200000 229174984 110350008
next_corner: 229300040 110475064 0
outline_polyline: 200000 231625000 112600008
next_corner: 231749960 112475064 0
outline_polyline: 300000 90469992 166130008
next_corner: 90945016 166130008 0
outline_polyline: 300000 90945016 166130008
next_corner: 90975016 166100008 0
outline_polyline: 200000 176300008 126350008
next_corner: 176325000 126325016 0
outline_polyline: 200000 204125000 140900008
next_corner: 204149992 140875016 0
outline_polyline: 300000 90500024 168600008
next_corner: 90975016 168600008 0
outline_polyline: 300000 90250024 168850008
next_corner: 90500024 168600008 0
outline_polyline: 1000000 122300584 220225000
next_corner: 123375000 220225000 0
n_pins: 0
end